hour,day,weekday,month,Outdoor Temperature,Household Size,lag_1,lag_24,rolling_mean_24
14,1,6,1,-5.0,2,1.63,1.0,1.1779166666666667
15,1,6,1,-7.8,2,0.6,1.09,1.1612500000000001
15,1,6,1,-6.5,1,0.66,0.68,1.1433333333333333
16,1,6,1,37.0,3,1.39,1.8,1.1729166666666668
20,1,6,1,9.8,1,0.28,0.84,1.1095833333333334
21,1,6,1,-5.3,5,0.58,0.36,1.0987500000000001
21,1,6,1,13.2,3,0.7,0.36,1.1129166666666668
21,1,6,1,16.1,3,1.84,0.38,1.1745833333333333
22,1,6,1,18.4,5,1.25,1.16,1.2108333333333332
0,2,0,1,23.1,5,0.75,1.12,1.1937499999999999
0,2,0,1,33.2,2,0.95,1.09,1.1866666666666668
1,2,0,1,23.9,5,1.95,1.61,1.2225
3,2,0,1,20.5,1,0.32,1.79,1.16875
3,2,0,1,-3.7,1,0.6,1.92,1.1191666666666666
4,2,0,1,3.3,4,0.66,1.29,1.0666666666666667
4,2,0,1,32.8,1,0.23,1.39,1.0225
4,2,0,1,8.5,4,0.3,1.06,0.9770833333333334
4,2,0,1,31.8,2,1.19,0.98,0.9824999999999999
6,2,0,1,-9.4,4,1.67,0.91,1.01125
6,2,0,1,5.9,4,1.74,1.24,1.0458333333333332
7,2,0,1,5.4,2,0.38,1.46,1.01
8,2,0,1,-7.7,3,0.49,1.55,0.9695833333333334
8,2,0,1,12.6,4,0.85,1.56,0.9404166666666666
9,2,0,1,25.2,2,0.36,1.63,0.8904166666666667
9,2,0,1,35.0,4,1.02,0.6,0.8650000000000001
10,2,0,1,35.8,3,0.95,0.66,0.8795833333333333
10,2,0,1,-7.3,1,1.67,1.39,0.9216666666666665
11,2,0,1,7.7,1,0.47,0.28,0.8833333333333333
11,2,0,1,-5.6,2,1.94,0.58,0.9525
13,2,0,1,29.4,4,0.84,0.7,0.9633333333333333
14,2,0,1,17.5,1,1.36,1.84,0.9908333333333333
15,2,0,1,-2.9,1,1.76,1.25,0.9874999999999999
17,2,0,1,26.0,5,1.25,0.75,0.9874999999999999
18,2,0,1,-8.8,4,1.57,0.95,1.0216666666666667
18,2,0,1,19.4,1,0.35,1.95,0.9966666666666667
19,2,0,1,10.0,4,0.82,0.32,0.9495833333333333
22,2,0,1,-3.5,1,0.44,0.6,0.9545833333333333
23,2,0,1,23.3,1,0.39,0.66,0.9458333333333333
23,2,0,1,22.0,2,0.26,0.23,0.9291666666666667
0,3,1,1,1.0,5,1.39,0.3,0.9774999999999999
0,3,1,1,38.2,1,1.43,1.19,1.0245833333333332
0,3,1,1,18.9,1,1.86,1.67,1.0525
1,3,1,1,-7.9,2,1.99,1.74,1.0658333333333332
2,3,1,1,23.2,4,1.69,0.38,1.06375
2,3,1,1,2.6,1,0.65,0.49,1.075
2,3,1,1,8.0,4,1.76,0.85,1.1279166666666667
2,3,1,1,35.0,3,0.85,0.36,1.1279166666666667
4,3,1,1,9.6,2,0.2,1.02,1.1212499999999999
5,3,1,1,8.8,2,0.96,0.95,1.11875
10,3,1,1,31.3,5,0.3,1.67,1.0916666666666666
10,3,1,1,21.2,1,0.4,0.47,1.03875
11,3,1,1,-8.0,5,1.27,1.94,1.0720833333333333
12,3,1,1,15.8,4,0.64,0.84,1.0179166666666666
12,3,1,1,21.9,2,0.86,1.36,1.01875
12,3,1,1,9.6,5,0.2,1.76,0.9704166666666668
12,3,1,1,21.8,3,0.45,1.25,0.9158333333333334
13,3,1,1,23.7,1,1.04,1.57,0.9070833333333334
13,3,1,1,30.6,4,1.24,0.35,0.8933333333333334
13,3,1,1,9.1,1,1.65,0.82,0.9474999999999999
13,3,1,1,3.2,4,0.47,0.44,0.9329166666666667
15,3,1,1,14.3,5,1.44,0.39,0.9745833333333334
16,3,1,1,-5.7,1,1.74,0.26,1.0308333333333333
16,3,1,1,18.9,3,0.64,1.39,1.0466666666666666
16,3,1,1,35.8,2,0.85,1.43,1.0241666666666667
17,3,1,1,3.1,4,1.39,1.86,1.0225000000000002
18,3,1,1,6.4,4,0.62,1.99,0.9708333333333332
19,3,1,1,16.1,3,1.42,1.69,0.9470833333333334
19,3,1,1,-9.4,5,1.86,0.65,0.9541666666666666
19,3,1,1,10.0,2,0.67,1.76,0.955
20,3,1,1,30.8,2,0.51,0.85,0.9029166666666666
22,3,1,1,3.7,3,1.78,0.2,0.9416666666666668
23,3,1,1,13.9,3,0.9,0.96,0.9708333333333333
23,3,1,1,20.7,5,0.6,0.3,0.9558333333333334
23,3,1,1,34.8,3,1.71,0.4,1.0145833333333334
0,4,2,1,16.4,1,0.24,1.27,1.0079166666666668
0,4,2,1,4.5,5,0.62,0.64,0.9808333333333334
1,4,2,1,25.4,4,1.72,0.86,1.0258333333333334
1,4,2,1,28.3,1,1.34,0.2,1.0458333333333332
4,4,2,1,-0.4,3,0.26,0.45,1.0483333333333333
4,4,2,1,24.9,5,1.1,1.04,1.0754166666666667
4,4,2,1,9.7,4,1.85,1.24,1.1091666666666666
4,4,2,1,14.4,1,1.31,1.65,1.1120833333333333
4,4,2,1,31.4,3,1.1,0.47,1.0891666666666666
5,4,2,1,15.6,1,0.56,1.44,1.0929166666666668
5,4,2,1,20.9,2,0.95,1.74,1.0725
6,4,2,1,21.5,1,1.48,0.64,1.0616666666666668
6,4,2,1,9.7,5,1.49,0.85,1.0970833333333334
7,4,2,1,32.6,3,1.74,1.39,1.1341666666666665
8,4,2,1,30.0,1,0.58,0.62,1.1004166666666666
9,4,2,1,2.7,4,0.8,1.42,1.1079166666666667
9,4,2,1,-1.3,3,0.79,1.86,1.0816666666666668
9,4,2,1,24.2,2,0.53,0.67,1.0262499999999999
10,4,2,1,34.8,1,1.71,0.51,1.0695833333333333
11,4,2,1,29.2,1,1.87,1.78,1.12625
12,4,2,1,0.4,3,1.51,0.9,1.115
15,4,2,1,36.4,1,1.36,0.6,1.1341666666666668
15,4,2,1,22.9,2,1.52,1.71,1.1725
16,4,2,1,7.9,3,0.69,0.24,1.13
16,4,2,1,10.5,1,1.8,0.62,1.195
17,4,2,1,17.7,3,1.53,1.72,1.2329166666666667
18,4,2,1,21.1,2,0.62,1.34,1.1870833333333335
20,4,2,1,20.0,5,0.48,0.26,1.1512499999999999
20,4,2,1,16.4,3,0.76,1.1,1.1720833333333334
21,4,2,1,9.1,4,1.6,1.85,1.1929166666666668
21,4,2,1,29.2,5,1.31,1.31,1.1704166666666667
22,4,2,1,10.0,2,0.81,1.1,1.1495833333333334
22,4,2,1,17.9,4,0.29,0.56,1.1158333333333335
22,4,2,1,24.2,3,1.51,0.95,1.1554166666666668
23,4,2,1,0.2,4,1.24,1.48,1.1675000000000002
0,5,3,1,-6.3,5,1.05,1.49,1.1495833333333334
2,5,3,1,20.1,4,1.18,1.74,1.1366666666666667
2,5,3,1,34.6,1,0.87,0.58,1.1004166666666666
3,5,3,1,-8.2,2,1.04,0.8,1.1195833333333332
3,5,3,1,8.7,5,1.09,0.79,1.1316666666666668
3,5,3,1,17.9,2,0.34,0.53,1.1129166666666668
3,5,3,1,-8.6,1,1.35,1.71,1.1470833333333335
4,5,3,1,1.5,2,1.71,1.87,1.1470833333333335
4,5,3,1,12.3,3,1.49,1.51,1.1312499999999999
5,5,3,1,8.4,1,0.77,1.36,1.1004166666666668
5,5,3,1,4.2,2,0.97,1.52,1.0841666666666667
6,5,3,1,34.4,1,0.34,0.69,1.035
7,5,3,1,25.0,2,1.25,1.8,1.0583333333333333
8,5,3,1,4.9,3,0.27,1.53,0.9945833333333334
10,5,3,1,36.8,2,1.16,0.62,0.9791666666666666
10,5,3,1,-9.0,4,1.18,0.48,1.0025
11,5,3,1,13.4,2,1.66,0.76,1.0516666666666667
11,5,3,1,36.9,3,0.91,1.6,1.0579166666666666
11,5,3,1,-4.3,1,1.8,1.31,1.06625
12,5,3,1,10.4,5,1.71,0.81,1.0829166666666667
13,5,3,1,9.5,1,0.77,0.29,1.08125
13,5,3,1,10.9,3,1.94,1.51,1.15
14,5,3,1,-8.8,5,1.58,1.24,1.1529166666666668
15,5,3,1,25.5,3,0.68,1.05,1.1295833333333334
17,5,3,1,29.5,3,1.05,1.18,1.1295833333333334
19,5,3,1,26.4,2,1.31,0.87,1.135
20,5,3,1,2.8,4,1.96,1.04,1.1804166666666667
20,5,3,1,31.5,2,0.45,1.09,1.1558333333333333
21,5,3,1,20.6,3,1.95,0.34,1.1916666666666667
21,5,3,1,0.3,2,1.71,1.35,1.24875
22,5,3,1,4.8,4,1.94,1.71,1.2733333333333334
23,5,3,1,-7.0,2,0.79,1.49,1.235
1,6,4,1,6.9,1,1.98,0.77,1.2554166666666668
2,6,4,1,39.1,5,1.9,0.97,1.3025
3,6,4,1,24.1,5,0.63,0.34,1.2883333333333333
5,6,4,1,14.3,4,1.87,1.25,1.3520833333333335
6,6,4,1,17.0,1,1.08,0.27,1.345
6,6,4,1,18.3,4,1.09,1.16,1.3791666666666664
7,6,4,1,35.5,2,0.84,1.18,1.3658333333333335
7,6,4,1,-3.9,3,1.0,1.66,1.3583333333333334
7,6,4,1,23.3,1,0.79,0.91,1.3220833333333333
8,6,4,1,-1.7,1,1.73,1.8,1.35625
8,6,4,1,39.2,2,1.56,1.71,1.3462500000000002
8,6,4,1,-8.4,4,0.83,0.77,1.3095833333333333
9,6,4,1,-2.5,5,1.35,1.94,1.33375
10,6,4,1,14.9,4,1.88,1.58,1.33125
10,6,4,1,9.0,5,0.52,0.68,1.2870833333333334
12,6,4,1,34.6,4,1.82,1.05,1.3345833333333335
13,6,4,1,33.5,4,1.1,1.31,1.3366666666666667
13,6,4,1,24.8,5,1.58,1.96,1.3479166666666667
13,6,4,1,-0.7,2,0.36,0.45,1.28125
13,6,4,1,9.2,2,1.18,1.95,1.3116666666666668
14,6,4,1,10.9,2,0.23,1.71,1.24
14,6,4,1,-3.3,2,1.24,1.94,1.2204166666666667
16,6,4,1,19.4,1,0.26,0.79,1.1504166666666669
17,6,4,1,9.0,2,0.21,1.98,1.12625
17,6,4,1,-0.6,1,1.63,1.9,1.1116666666666666
17,6,4,1,30.3,5,0.78,0.63,1.065
18,6,4,1,19.8,4,0.24,1.87,1.04875
19,6,4,1,18.7,2,1.87,1.08,1.04875
19,6,4,1,-1.7,1,1.61,1.09,1.0708333333333335
20,6,4,1,0.7,2,0.78,0.84,1.0579166666666666
20,6,4,1,8.7,1,1.31,1.0,1.0775
23,6,4,1,6.9,3,0.61,0.79,1.06125
23,6,4,1,21.4,3,0.51,1.73,1.0495833333333333
0,7,5,1,16.5,2,0.56,1.56,1.0008333333333332
1,7,5,1,-1.8,4,0.33,0.83,0.9495833333333333
3,7,5,1,13.8,3,1.39,1.35,0.9729166666666665
4,7,5,1,-1.4,3,1.87,1.88,0.9945833333333334
5,7,5,1,6.7,3,0.7,0.52,0.9454166666666667
6,7,5,1,17.7,2,1.31,1.82,0.9783333333333334
6,7,5,1,23.5,1,0.76,1.1,0.9341666666666666
6,7,5,1,25.7,1,1.39,1.58,0.94625
8,7,5,1,15.9,3,0.69,0.36,0.9091666666666667
8,7,5,1,-2.8,3,1.47,1.18,0.9554166666666667
8,7,5,1,0.3,3,0.59,0.23,0.9308333333333333
8,7,5,1,-3.2,3,1.42,1.24,0.9804166666666666
9,7,5,1,18.1,5,1.92,0.26,1.00875
9,7,5,1,26.2,2,0.76,0.21,1.0295833333333333
10,7,5,1,2.7,3,0.78,1.63,1.0533333333333332
10,7,5,1,32.9,3,1.83,0.78,1.0616666666666668
11,7,5,1,-6.9,4,0.93,0.24,1.0679166666666668
11,7,5,1,-9.5,1,1.46,1.87,1.1187500000000001
11,7,5,1,26.1,3,0.33,1.61,1.0545833333333332
12,7,5,1,20.5,2,1.19,0.78,1.0370833333333334
14,7,5,1,36.9,2,0.49,1.31,1.025
15,7,5,1,-4.9,1,0.37,0.61,0.9858333333333333
15,7,5,1,3.8,4,0.8,0.51,0.99375
16,7,5,1,20.7,2,1.36,0.56,1.0291666666666666
16,7,5,1,26.4,1,1.72,0.33,1.0775
16,7,5,1,3.2,1,1.04,1.39,1.1070833333333334
18,7,5,1,38.2,5,0.56,1.87,1.0725
18,7,5,1,6.9,3,1.29,0.7,1.0483333333333333
18,7,5,1,24.9,3,1.46,1.31,1.08
18,7,5,1,-8.7,5,1.54,0.76,1.0895833333333333
19,7,5,1,5.8,2,1.67,1.39,1.1275
19,7,5,1,-1.5,1,0.64,0.69,1.09625
20,7,5,1,2.4,4,1.95,1.47,1.14875
22,7,5,1,18.6,1,1.98,0.59,1.17
22,7,5,1,-1.8,5,1.03,1.42,1.1883333333333332
0,8,6,1,21.2,5,0.48,1.92,1.1491666666666667
0,8,6,1,39.8,4,1.8,0.76,1.1441666666666668
2,8,6,1,25.4,1,1.22,0.78,1.1633333333333333
2,8,6,1,33.0,4,0.99,1.83,1.1720833333333334
5,8,6,1,9.9,4,1.75,0.93,1.16875
8,8,6,1,5.9,5,1.04,1.46,1.1733333333333333
8,8,6,1,0.8,5,0.83,0.33,1.1470833333333335
10,8,6,1,-7.3,5,0.62,1.19,1.1591666666666667
11,8,6,1,21.5,3,1.01,0.49,1.1516666666666666
11,8,6,1,0.4,1,0.57,0.37,1.155
12,8,6,1,16.4,1,1.9,0.8,1.21875
13,8,6,1,25.2,1,0.93,1.36,1.2241666666666666
15,8,6,1,19.9,4,0.83,1.72,1.2020833333333332
15,8,6,1,11.0,3,0.93,1.04,1.1691666666666667
15,8,6,1,17.3,1,0.44,0.56,1.1441666666666668
17,8,6,1,31.9,4,1.85,1.29,1.1979166666666667
19,8,6,1,-6.9,2,0.65,1.46,1.17125
20,8,6,1,1.0,4,1.78,1.54,1.1845833333333333
20,8,6,1,14.3,2,1.79,1.67,1.195
0,9,0,1,-3.6,3,0.69,0.64,1.1541666666666668
1,9,0,1,38.7,4,0.7,1.95,1.1566666666666667
8,9,0,1,14.1,1,1.77,1.98,1.1491666666666667
9,9,0,1,13.1,4,0.81,1.03,1.1004166666666666
11,9,0,1,7.2,3,1.67,0.48,1.1270833333333334
12,9,0,1,31.9,4,1.76,1.8,1.1804166666666667
12,9,0,1,8.4,3,0.46,1.22,1.1245833333333333
13,9,0,1,6.1,4,1.49,0.99,1.1358333333333335
13,9,0,1,37.3,4,1.1,1.75,1.1404166666666666
14,9,0,1,28.9,3,1.01,1.04,1.1095833333333334
16,9,0,1,8.4,3,0.29,0.83,1.0783333333333334
16,9,0,1,10.0,4,1.73,0.62,1.1158333333333335
17,9,0,1,-3.5,5,1.72,1.01,1.1616666666666666
18,9,0,1,19.2,2,0.91,0.57,1.1575
18,9,0,1,20.9,5,0.29,1.9,1.1458333333333333
20,9,0,1,32.1,2,0.58,0.93,1.0908333333333333
21,9,0,1,1.2,3,0.62,0.83,1.0779166666666666
21,9,0,1,38.9,2,1.53,0.93,1.1070833333333334
21,9,0,1,30.3,4,0.69,0.44,1.0970833333333334
21,9,0,1,29.0,1,0.42,1.85,1.09625
23,9,0,1,16.5,2,1.38,0.65,1.0766666666666667
23,9,0,1,-1.8,4,1.52,1.78,1.1129166666666668
0,10,1,1,35.0,3,0.55,1.79,1.0616666666666668
0,10,1,1,17.9,2,1.02,0.69,1.0295833333333333
2,10,1,1,2.6,1,1.7,0.7,1.0716666666666665
2,10,1,1,33.6,5,1.58,1.77,1.1083333333333332
7,10,1,1,27.5,4,1.11,0.81,1.0808333333333333
8,10,1,1,29.1,3,0.76,1.67,1.07875
8,10,1,1,36.3,2,1.78,1.76,1.0833333333333333
8,10,1,1,3.1,4,0.32,0.46,1.0233333333333334
11,10,1,1,10.0,1,1.81,1.49,1.0795833333333333
11,10,1,1,-3.1,4,1.94,1.1,1.0983333333333334
12,10,1,1,-4.6,2,1.86,1.01,1.1300000000000001
13,10,1,1,35.0,5,0.31,0.29,1.1008333333333333
13,10,1,1,31.9,2,0.71,1.73,1.1183333333333334
14,10,1,1,1.2,5,1.19,1.72,1.0958333333333334
14,10,1,1,-7.6,5,1.13,0.91,1.07125
14,10,1,1,35.2,1,1.89,0.29,1.1120833333333333
16,10,1,1,15.5,5,1.26,0.58,1.1525
16,10,1,1,19.3,1,0.28,0.62,1.14
16,10,1,1,21.9,1,1.18,1.53,1.1633333333333333
17,10,1,1,14.2,3,1.32,0.69,1.1545833333333333
17,10,1,1,3.2,5,1.41,0.42,1.1845833333333333
19,10,1,1,5.7,4,1.26,1.38,1.2195833333333335
20,10,1,1,25.4,3,1.27,1.52,1.215
21,10,1,1,-4.7,3,1.5,0.55,1.2141666666666666
0,11,2,1,27.2,1,0.85,1.02,1.2266666666666666
0,11,2,1,15.3,1,1.73,1.7,1.2562499999999999
1,11,2,1,8.8,1,1.99,1.58,1.2683333333333333
1,11,2,1,28.8,5,1.96,1.11,1.2841666666666667
1,11,2,1,-2.5,4,0.59,0.76,1.2625
2,11,2,1,-4.0,2,1.17,1.78,1.2795833333333333
2,11,2,1,32.4,1,0.76,0.32,1.2370833333333333
2,11,2,1,22.4,3,0.71,1.81,1.2533333333333332
2,11,2,1,-9.0,4,0.53,1.94,1.2
2,11,2,1,21.6,3,1.63,1.86,1.1870833333333333
5,11,2,1,-9.3,2,0.96,0.31,1.1495833333333334
5,11,2,1,-1.1,4,1.53,0.71,1.2004166666666667
5,11,2,1,-2.5,5,0.28,1.19,1.1824999999999999
6,11,2,1,28.2,1,0.51,1.13,1.1541666666666666
6,11,2,1,33.9,4,0.96,1.89,1.1470833333333335
6,11,2,1,25.7,3,0.26,1.26,1.0791666666666666
7,11,2,1,1.5,1,1.44,0.28,1.0866666666666667
8,11,2,1,11.8,2,0.48,1.18,1.095
9,11,2,1,-5.2,1,1.36,1.32,1.1025
11,11,2,1,8.3,1,0.65,1.41,1.0745833333333332
11,11,2,1,19.5,1,0.54,1.26,1.0383333333333333
11,11,2,1,5.6,4,0.86,1.27,1.0216666666666667
12,11,2,1,36.3,1,1.96,1.5,1.0504166666666666
14,11,2,1,5.3,2,1.93,0.85,1.0683333333333331
14,11,2,1,13.9,3,1.72,1.73,1.1045833333333335
16,11,2,1,26.5,2,0.38,1.99,1.0483333333333333
16,11,2,1,30.3,1,0.38,1.96,0.9812499999999998
17,11,2,1,-8.5,3,0.25,0.59,0.91
17,11,2,1,4.6,2,0.61,1.17,0.9108333333333333
18,11,2,1,15.6,4,1.16,0.76,0.9104166666666665
18,11,2,1,17.6,3,1.85,0.71,0.9558333333333334
19,11,2,1,-2.9,1,1.62,0.53,0.99375
19,11,2,1,14.5,4,1.04,1.63,1.015
20,11,2,1,-4.8,5,1.07,0.96,0.9916666666666667
20,11,2,1,12.2,5,0.28,1.53,0.9633333333333334
20,11,2,1,6.0,2,1.38,0.28,0.9570833333333333
21,11,2,1,35.2,5,1.1,0.51,0.99125
22,11,2,1,29.9,1,1.96,0.96,1.0516666666666665
0,12,3,1,-3.3,3,1.76,0.26,1.085
1,12,3,1,27.7,3,0.98,1.44,1.115
3,12,3,1,11.5,5,1.25,0.48,1.1070833333333334
5,12,3,1,8.5,5,0.85,1.36,1.1224999999999998
5,12,3,1,37.9,4,1.76,0.65,1.1391666666666667
6,12,3,1,37.0,1,1.18,0.54,1.1612500000000001
7,12,3,1,-2.5,1,0.47,0.86,1.1583333333333334
7,12,3,1,20.3,5,0.31,1.96,1.1354166666666667
7,12,3,1,-1.2,2,1.01,1.93,1.0958333333333334
8,12,3,1,-2.4,5,0.65,1.72,1.0425000000000002
11,12,3,1,7.6,1,1.91,0.38,1.0504166666666668
12,12,3,1,23.5,1,0.43,0.38,1.0525
12,12,3,1,-6.5,1,1.09,0.25,1.0820833333333335
13,12,3,1,-5.5,3,1.39,0.61,1.1295833333333334
13,12,3,1,-0.1,3,0.99,1.16,1.1454166666666667
14,12,3,1,6.9,3,0.3,1.85,1.1095833333333334
14,12,3,1,2.3,4,0.65,1.62,1.0595833333333333
15,12,3,1,15.4,4,0.71,1.04,1.0216666666666667
15,12,3,1,21.1,2,0.98,1.07,1.0191666666666668
16,12,3,1,0.6,5,0.24,0.28,0.9845833333333333
16,12,3,1,19.4,4,1.21,1.38,1.0233333333333332
17,12,3,1,38.8,5,0.6,1.1,0.9908333333333332
18,12,3,1,24.4,2,0.74,1.96,0.9758333333333334
18,12,3,1,-1.7,3,1.15,1.76,0.9420833333333333
18,12,3,1,14.4,1,1.76,0.98,0.9420833333333333
18,12,3,1,38.3,5,1.77,1.25,0.975
19,12,3,1,-0.5,3,1.69,0.85,0.9933333333333333
19,12,3,1,17.4,2,1.49,1.76,1.02
20,12,3,1,1.3,4,1.88,1.18,1.025
21,12,3,1,20.1,1,0.99,0.47,1.0170833333333333
21,12,3,1,36.1,3,1.16,0.31,1.0458333333333334
22,12,3,1,14.3,3,1.85,1.01,1.1099999999999999
22,12,3,1,24.0,3,1.73,0.65,1.14
23,12,3,1,25.7,4,1.22,1.91,1.1637499999999998
1,13,4,1,-9.9,3,0.73,0.43,1.1145833333333333
1,13,4,1,9.9,3,0.89,1.09,1.1337499999999998
2,13,4,1,21.0,1,0.82,1.39,1.1224999999999998
6,13,4,1,4.8,1,1.9,0.99,1.14375
6,13,4,1,13.4,5,0.52,0.3,1.1241666666666668
7,13,4,1,-7.1,1,1.87,0.65,1.1895833333333332
9,13,4,1,8.2,3,1.52,0.71,1.2258333333333333
10,13,4,1,-7.6,4,0.35,0.98,1.2108333333333332
10,13,4,1,21.9,3,0.92,0.24,1.2083333333333333
12,13,4,1,-5.3,4,1.18,1.21,1.2475
12,13,4,1,37.0,1,0.75,0.6,1.2283333333333333
13,13,4,1,20.2,3,0.34,0.74,1.2175
13,13,4,1,1.3,1,1.96,1.15,1.2683333333333333
13,13,4,1,5.4,5,1.18,1.76,1.2695833333333333
15,13,4,1,3.1,2,1.08,1.77,1.24125
15,13,4,1,6.9,1,0.66,1.69,1.195
16,13,4,1,38.2,3,1.56,1.49,1.1895833333333332
16,13,4,1,38.7,2,1.86,1.88,1.205
17,13,4,1,-2.7,1,1.91,0.99,1.20625
18,13,4,1,27.3,1,0.81,1.16,1.19875
19,13,4,1,17.2,2,1.28,1.85,1.20375
19,13,4,1,-4.9,5,1.93,1.73,1.2070833333333335
19,13,4,1,26.1,3,1.56,1.22,1.2
23,13,4,1,-4.4,4,1.07,0.73,1.19375
23,13,4,1,36.2,3,1.29,0.89,1.2170833333333333
0,14,5,1,18.4,2,1.23,0.82,1.23125
2,14,5,1,33.1,4,0.52,1.9,1.21875
4,14,5,1,15.8,4,1.66,0.52,1.20875
4,14,5,1,13.5,1,1.75,1.87,1.26
4,14,5,1,23.3,1,0.5,1.52,1.2029166666666666
5,14,5,1,-4.9,4,1.95,0.35,1.2208333333333334
5,14,5,1,-5.3,3,1.97,0.92,1.2883333333333333
5,14,5,1,37.0,2,0.61,1.18,1.2754166666666666
6,14,5,1,38.1,2,0.94,0.75,1.2654166666666666
6,14,5,1,7.6,1,0.39,0.34,1.2504166666666665
7,14,5,1,37.2,1,0.91,1.96,1.2741666666666667
10,14,5,1,-9.8,2,1.68,1.18,1.2625
10,14,5,1,32.7,1,0.34,1.08,1.2274999999999998
10,14,5,1,38.4,5,0.52,0.66,1.2041666666666666
10,14,5,1,14.6,4,0.36,1.56,1.1916666666666667
11,14,5,1,1.7,2,0.54,1.86,1.1491666666666667
12,14,5,1,27.4,2,1.7,1.91,1.1424999999999998
13,14,5,1,-9.3,2,0.62,0.81,1.0887499999999999
13,14,5,1,-3.8,2,1.97,1.28,1.1370833333333332
15,14,5,1,11.3,5,1.01,1.93,1.1258333333333332
15,14,5,1,5.3,4,1.72,1.56,1.1170833333333332
18,14,5,1,35.4,3,1.01,1.07,1.0941666666666665
18,14,5,1,4.2,1,1.59,1.29,1.1158333333333335
18,14,5,1,8.0,3,1.49,1.23,1.1241666666666668
18,14,5,1,1.8,3,1.6,0.52,1.1395833333333334
21,14,5,1,8.6,1,0.21,1.66,1.1266666666666667
21,14,5,1,24.8,1,0.42,1.75,1.075
0,15,6,1,-9.2,1,0.2,0.5,1.0104166666666667
2,15,6,1,12.6,3,1.29,1.95,1.0433333333333332
2,15,6,1,28.7,5,1.22,1.97,1.0129166666666667
2,15,6,1,-5.7,2,1.83,0.61,1.0070833333333333
2,15,6,1,8.7,2,0.97,0.94,1.0220833333333332
6,15,6,1,12.5,5,0.24,0.39,0.9929166666666668
6,15,6,1,7.2,5,0.64,0.91,1.0033333333333334
6,15,6,1,17.8,1,0.49,1.68,0.9858333333333333
6,15,6,1,23.0,4,0.78,0.34,0.9483333333333334
7,15,6,1,39.5,1,1.11,0.52,0.9804166666666667
8,15,6,1,10.1,3,1.92,0.36,1.03875
9,15,6,1,35.8,2,1.52,0.54,1.0870833333333334
10,15,6,1,6.8,5,0.69,1.7,1.0933333333333333
10,15,6,1,-8.3,4,0.34,0.62,1.0366666666666666
10,15,6,1,-1.2,2,1.99,1.97,1.09375
10,15,6,1,0.1,2,1.4,1.01,1.07
11,15,6,1,-6.4,3,1.59,1.72,1.0941666666666665
13,15,6,1,24.2,4,0.93,1.01,1.06125
13,15,6,1,1.6,3,1.83,1.59,1.0954166666666667
15,15,6,1,37.8,4,1.54,1.49,1.0933333333333335
15,15,6,1,38.4,5,0.51,1.6,1.0525
17,15,6,1,12.1,2,0.59,0.21,1.0104166666666667
18,15,6,1,-2.0,2,0.69,0.42,1.0304166666666668
21,15,6,1,22.9,4,1.09,0.2,1.0583333333333333
21,15,6,1,2.3,2,0.54,1.29,1.0725
23,15,6,1,11.7,1,1.8,1.22,1.09375
23,15,6,1,-8.9,4,1.6,1.83,1.1095833333333334
23,15,6,1,17.4,4,0.25,0.97,1.04375
0,16,0,1,6.8,2,1.03,0.24,1.0462500000000001
1,16,0,1,9.0,3,0.61,0.64,1.0616666666666668
1,16,0,1,-2.7,4,1.3,0.49,1.0891666666666666
2,16,0,1,23.0,5,0.93,0.78,1.1075000000000002
2,16,0,1,-5.7,3,1.03,1.11,1.1179166666666667
3,16,0,1,8.5,2,0.61,1.92,1.0970833333333334
3,16,0,1,-2.0,3,0.94,1.52,1.0562500000000001
3,16,0,1,6.5,5,1.84,0.69,1.0695833333333333
5,16,0,1,29.4,3,1.0,0.34,1.0825
5,16,0,1,-1.1,3,0.45,1.99,1.0870833333333334
5,16,0,1,20.6,2,0.42,1.4,1.0216666666666667
5,16,0,1,19.0,3,0.54,1.59,0.9858333333333333
7,16,0,1,15.7,4,0.7,0.93,0.94875
7,16,0,1,-7.4,4,1.28,1.83,0.9633333333333334
7,16,0,1,26.3,5,0.54,1.54,0.9095833333333333
8,16,0,1,-5.7,4,1.53,0.51,0.9091666666666667
10,16,0,1,25.9,3,0.84,0.59,0.9229166666666666
10,16,0,1,22.9,2,1.93,0.69,0.9787499999999999
10,16,0,1,13.3,2,0.97,1.09,0.9904166666666666
10,16,0,1,8.3,5,0.24,0.54,0.9550000000000001
12,16,0,1,37.2,1,0.54,1.8,0.9550000000000001
13,16,0,1,16.7,4,1.17,1.6,0.9287500000000001
14,16,0,1,18.5,5,0.37,0.25,0.8775
14,16,0,1,36.0,3,0.7,1.03,0.8962500000000001
14,16,0,1,28.3,4,1.63,0.61,0.92125
15,16,0,1,-9.8,3,1.92,1.3,0.9758333333333332
15,16,0,1,18.6,3,0.33,0.93,0.9354166666666667
18,16,0,1,25.3,1,1.21,1.03,0.9470833333333332
19,16,0,1,27.4,5,0.65,0.61,0.93125
22,16,0,1,14.1,4,1.36,0.94,0.9624999999999999
22,16,0,1,36.5,5,0.39,1.84,0.9395833333333333
23,16,0,1,-0.5,5,1.69,1.0,0.9333333333333335
2,17,1,1,25.1,1,1.69,0.45,0.9620833333333333
4,17,1,1,7.9,4,0.32,0.42,0.9566666666666667
4,17,1,1,29.7,5,1.08,0.54,0.9841666666666667
4,17,1,1,-0.8,3,0.54,0.7,0.9841666666666667
6,17,1,1,7.8,1,1.31,1.28,1.0095833333333333
7,17,1,1,31.9,1,1.64,0.54,1.0245833333333334
8,17,1,1,30.0,5,1.99,1.53,1.0850000000000002
9,17,1,1,30.7,4,1.87,0.84,1.0991666666666666
9,17,1,1,4.6,1,1.72,1.93,1.1358333333333335
9,17,1,1,35.8,3,1.07,0.97,1.1
10,17,1,1,15.6,4,1.29,0.24,1.1133333333333335
10,17,1,1,8.3,2,1.19,0.54,1.1529166666666666
10,17,1,1,19.8,1,0.86,1.17,1.16625
11,17,1,1,-4.3,5,1.03,0.37,1.1604166666666667
12,17,1,1,32.3,1,1.91,0.7,1.2245833333333334
14,17,1,1,33.4,1,0.66,1.63,1.2229166666666667
16,17,1,1,12.3,1,0.58,1.92,1.1791666666666667
17,17,1,1,16.7,4,1.94,0.33,1.18
17,17,1,1,9.3,4,1.81,1.21,1.2416666666666667
18,17,1,1,-6.8,3,1.12,0.65,1.2379166666666668
18,17,1,1,37.0,2,0.53,1.36,1.2329166666666667
19,17,1,1,4.0,2,0.97,0.39,1.2166666666666666
20,17,1,1,-0.6,3,1.1,1.69,1.24625
21,17,1,1,1.4,2,0.23,1.69,1.1854166666666666
22,17,1,1,-0.5,1,1.47,0.32,1.17625
1,18,2,1,14.5,1,0.87,1.08,1.1991666666666667
1,18,2,1,-6.4,2,1.15,0.54,1.2020833333333332
1,18,2,1,19.1,1,0.8,1.31,1.2129166666666666
1,18,2,1,-2.8,2,0.54,1.64,1.1808333333333334
3,18,2,1,-0.1,5,0.76,1.99,1.1441666666666668
3,18,2,1,4.5,1,1.9,1.87,1.1404166666666666
3,18,2,1,14.1,3,1.74,1.72,1.135
4,18,2,1,-4.2,4,0.98,1.07,1.1041666666666667
5,18,2,1,34.2,1,0.36,1.29,1.0745833333333332
6,18,2,1,24.8,2,1.39,1.19,1.07875
6,18,2,1,33.2,3,0.28,0.86,1.0408333333333333
9,18,2,1,32.6,5,1.44,1.03,1.065
10,18,2,1,4.5,2,0.9,1.91,1.0595833333333333
10,18,2,1,24.4,2,0.98,0.66,1.0208333333333333
13,18,2,1,29.2,1,0.65,0.58,1.0204166666666667
13,18,2,1,18.8,4,0.8,1.94,1.0295833333333333
14,18,2,1,13.9,3,0.87,1.81,0.985
15,18,2,1,10.5,2,0.48,1.12,0.9295833333333333
15,18,2,1,33.2,3,1.52,0.53,0.94625
15,18,2,1,33.8,3,1.72,0.97,0.9958333333333332
16,18,2,1,32.2,3,1.06,1.1,0.9995833333333334
17,18,2,1,-1.6,1,0.73,0.23,0.9841666666666667
19,18,2,1,20.2,1,0.51,1.47,0.9958333333333332
21,18,2,1,17.4,5,1.25,0.87,0.9866666666666667
23,18,2,1,-7.1,3,0.22,1.15,0.9595833333333332
23,18,2,1,-3.3,2,1.79,0.8,0.9862500000000001
1,19,3,1,-2.9,1,1.55,0.54,1.0175
2,19,3,1,34.6,3,0.63,0.76,1.02125
4,19,3,1,13.8,2,0.33,1.9,1.0033333333333332
5,19,3,1,13.8,5,1.51,1.74,0.9870833333333334
5,19,3,1,33.5,2,1.52,0.98,0.9779166666666667
9,19,3,1,7.7,2,0.56,0.36,0.9604166666666666
9,19,3,1,36.8,4,1.06,1.39,0.9895833333333334
9,19,3,1,20.1,3,1.26,0.28,0.9841666666666665
11,19,3,1,-4.1,5,0.6,1.44,0.9975
12,19,3,1,27.0,2,0.99,0.9,0.9787499999999999
12,19,3,1,5.4,5,1.14,0.98,0.98875
14,19,3,1,35.7,4,0.22,0.65,0.9570833333333333
15,19,3,1,8.4,3,0.32,0.8,0.9433333333333334
17,19,3,1,-7.8,5,0.65,0.87,0.9370833333333334
18,19,3,1,31.5,1,0.25,0.48,0.91125
18,19,3,1,20.3,1,1.99,1.52,0.9741666666666666
19,19,3,1,30.4,4,0.95,1.72,0.9504166666666666
19,19,3,1,21.5,3,0.75,1.06,0.91
19,19,3,1,-0.6,2,1.18,0.73,0.915
23,19,3,1,-6.2,5,1.27,0.51,0.9375
23,19,3,1,33.8,1,0.58,1.25,0.9404166666666667
0,20,4,1,30.0,5,1.7,0.22,0.9591666666666666
1,20,4,1,24.0,2,0.78,1.79,0.9825
1,20,4,1,2.9,4,1.44,1.55,0.9679166666666666
2,20,4,1,27.0,5,0.72,0.63,0.9333333333333332
3,20,4,1,7.5,2,1.7,0.33,0.9779166666666667
4,20,4,1,7.8,4,0.22,1.51,0.9733333333333333
5,20,4,1,-1.1,1,0.62,1.52,0.9362499999999999
5,20,4,1,14.0,3,0.31,0.56,0.8858333333333333
6,20,4,1,34.9,2,1.21,1.06,0.9129166666666667
6,20,4,1,4.8,5,0.67,1.26,0.8966666666666666
6,20,4,1,26.4,1,0.27,0.6,0.8554166666666667
7,20,4,1,-8.0,3,1.27,0.99,0.8833333333333333
8,20,4,1,8.1,5,1.13,1.14,0.8891666666666667
8,20,4,1,20.2,5,0.6,0.22,0.8666666666666667
9,20,4,1,25.5,5,0.96,0.32,0.8975000000000001
10,20,4,1,39.6,1,1.95,0.65,0.9654166666666667
10,20,4,1,-1.3,4,0.54,0.25,0.9608333333333333
10,20,4,1,23.4,2,0.59,1.99,0.975
11,20,4,1,35.0,4,1.3,0.95,0.94625
14,20,4,1,25.9,5,1.84,0.75,0.9833333333333334
15,20,4,1,18.1,4,1.58,1.18,1.0179166666666666
17,20,4,1,22.2,5,0.52,1.27,0.9904166666666668
18,20,4,1,10.0,3,1.01,0.58,0.9795833333333333
20,20,4,1,14.0,5,1.69,1.7,1.0258333333333334
21,20,4,1,2.4,1,0.32,0.78,0.9683333333333334
21,20,4,1,7.5,1,0.25,1.44,0.94625
22,20,4,1,26.5,2,0.69,0.72,0.9149999999999999
1,21,5,1,25.8,5,0.82,1.7,0.9191666666666666
1,21,5,1,33.2,4,0.88,0.22,0.8850000000000001
2,21,5,1,31.8,4,0.8,0.62,0.9091666666666667
2,21,5,1,-5.6,2,0.64,0.31,0.91
4,21,5,1,22.2,3,1.95,1.21,0.9783333333333334
5,21,5,1,28.0,2,0.67,0.67,0.9558333333333334
6,21,5,1,8.2,4,0.73,0.27,0.9583333333333334
8,21,5,1,-9.9,2,1.62,1.27,1.0145833333333334
9,21,5,1,17.6,1,1.18,1.13,1.0108333333333335
13,21,5,1,8.1,4,1.1,0.6,1.0095833333333333
14,21,5,1,0.2,5,1.72,0.96,1.0562500000000001
15,21,5,1,23.5,4,0.87,1.95,1.0525
17,21,5,1,-0.9,1,0.37,0.54,0.9866666666666667
18,21,5,1,34.3,3,1.3,0.59,1.0183333333333333
19,21,5,1,0.8,5,1.17,1.3,1.0425
19,21,5,1,10.6,5,0.61,1.84,1.01375
20,21,5,1,7.4,3,0.29,1.58,0.9491666666666667
20,21,5,1,17.1,3,1.89,0.52,0.9620833333333333
20,21,5,1,9.5,4,1.08,1.01,0.9854166666666666
22,21,5,1,16.2,3,0.85,1.69,0.9787500000000001
23,21,5,1,30.4,1,0.23,0.32,0.9179166666666666
0,22,6,1,17.8,1,0.73,0.25,0.9349999999999999
0,22,6,1,39.7,2,1.52,0.69,0.9879166666666666
1,22,6,1,8.2,1,0.49,0.82,0.9795833333333334
1,22,6,1,30.5,1,1.97,0.88,1.0275
2,22,6,1,6.6,3,0.41,0.8,1.0079166666666668
3,22,6,1,1.2,4,1.09,0.64,1.02
3,22,6,1,0.4,4,1.16,1.95,1.0416666666666667
4,22,6,1,20.3,5,1.31,0.67,1.015
5,22,6,1,34.6,3,1.14,0.73,1.0345833333333332
5,22,6,1,-2.8,4,1.93,1.62,1.0845833333333332
8,22,6,1,-6.4,4,0.66,1.18,1.0445833333333332
10,22,6,1,-1.5,5,0.33,1.1,1.0091666666666665
10,22,6,1,4.1,2,1.35,1.72,1.0195833333333333
10,22,6,1,17.4,4,1.8,0.87,1.0229166666666667
11,22,6,1,37.1,4,1.61,0.37,1.05375
12,22,6,1,21.6,4,0.3,1.3,1.0508333333333333
13,22,6,1,5.5,2,1.13,1.17,1.04375
13,22,6,1,19.3,4,0.68,0.61,1.0233333333333334
13,22,6,1,-6.9,4,0.87,0.29,1.0341666666666667
13,22,6,1,18.1,4,1.85,1.89,1.0991666666666666
15,22,6,1,4.3,2,1.2,1.08,1.0704166666666668
16,22,6,1,-5.0,4,1.67,0.85,1.095
17,22,6,1,22.9,1,0.88,0.23,1.09625
17,22,6,1,-6.8,3,1.24,0.73,1.1383333333333334
17,22,6,1,-6.4,5,0.63,1.52,1.1341666666666668
18,22,6,1,18.1,3,1.59,0.49,1.1370833333333334
18,22,6,1,9.8,1,1.77,1.97,1.1904166666666667
20,22,6,1,24.9,5,0.53,0.41,1.1304166666666666
20,22,6,1,17.0,4,1.07,1.09,1.1579166666666667
22,22,6,1,-6.1,4,1.93,1.16,1.1929166666666666
23,22,6,1,-4.7,3,1.89,1.31,1.2233333333333334
0,23,0,1,5.6,5,0.52,1.14,1.1904166666666667
1,23,0,1,3.5,2,1.6,1.93,1.2095833333333335
2,23,0,1,31.5,1,1.04,0.66,1.1725
4,23,0,1,26.8,1,1.49,0.33,1.2070833333333335
4,23,0,1,16.1,1,1.08,1.35,1.2383333333333333
5,23,0,1,24.4,2,1.85,1.8,1.2591666666666668
6,23,0,1,18.2,2,0.79,1.61,1.2170833333333333
7,23,0,1,-4.0,4,1.59,0.3,1.21625
9,23,0,1,-7.1,2,0.43,1.13,1.2216666666666667
9,23,0,1,21.3,3,1.99,0.68,1.2575
9,23,0,1,-4.1,1,1.15,0.87,1.2770833333333333
10,23,0,1,25.9,3,0.41,1.85,1.2579166666666668
10,23,0,1,31.1,4,1.73,1.2,1.2529166666666667
11,23,0,1,16.2,1,1.72,1.67,1.2745833333333334
14,23,0,1,33.5,4,0.69,0.88,1.23375
14,23,0,1,15.5,5,1.46,1.24,1.2579166666666666
16,23,0,1,18.4,1,0.44,0.63,1.2245833333333334
18,23,0,1,10.2,4,1.2,1.59,1.2483333333333333
20,23,0,1,-8.6,4,1.13,1.77,1.2291666666666667
21,23,0,1,5.1,3,1.06,0.53,1.1995833333333332
21,23,0,1,11.6,4,1.45,1.07,1.2379166666666668
22,23,0,1,20.0,3,1.5,1.93,1.2558333333333334
22,23,0,1,-8.3,1,1.84,1.89,1.2520833333333334
22,23,0,1,-1.9,5,0.38,0.52,1.1891666666666667
0,24,1,1,31.8,3,1.99,1.6,1.2504166666666667
1,24,1,1,38.4,2,1.41,1.04,1.2425
1,24,1,1,11.9,2,1.59,1.49,1.2654166666666666
4,24,1,1,38.1,2,1.48,1.08,1.265
5,24,1,1,20.4,3,1.9,1.85,1.2991666666666666
6,24,1,1,26.7,2,0.82,0.79,1.2562499999999999
7,24,1,1,14.4,2,1.84,1.59,1.3
7,24,1,1,1.7,1,1.8,0.43,1.30875
7,24,1,1,20.3,5,1.21,1.99,1.3412499999999998
7,24,1,1,-7.5,4,1.95,1.15,1.3395833333333333
8,24,1,1,16.3,5,1.67,0.41,1.36125
8,24,1,1,17.5,1,0.27,1.73,1.3554166666666667
10,24,1,1,39.1,4,0.33,1.72,1.2970833333333334
11,24,1,1,19.3,4,1.55,0.69,1.29
12,24,1,1,1.9,2,1.3,1.46,1.3154166666666667
15,24,1,1,1.5,4,0.29,0.44,1.2666666666666666
15,24,1,1,22.2,3,0.54,1.2,1.2708333333333333
16,24,1,1,21.5,1,1.9,1.13,1.3
16,24,1,1,-4.1,4,0.57,1.06,1.2766666666666666
18,24,1,1,7.3,5,0.75,1.45,1.26375
18,24,1,1,30.7,2,0.47,1.5,1.2229166666666667
18,24,1,1,-7.8,3,1.72,1.84,1.2320833333333334
18,24,1,1,5.7,5,0.89,0.38,1.1925000000000001
21,24,1,1,23.3,4,1.46,1.99,1.2375
22,24,1,1,17.5,3,1.57,1.41,1.22
23,24,1,1,35.0,4,0.95,1.59,1.2008333333333334
23,24,1,1,26.0,4,1.7,1.48,1.2054166666666666
23,24,1,1,9.3,1,1.64,1.9,1.2120833333333334
2,25,2,1,-9.2,3,1.09,0.82,1.1783333333333335
3,25,2,1,9.0,1,0.7,1.84,1.1733333333333333
4,25,2,1,21.0,4,0.34,1.8,1.1108333333333333
4,25,2,1,-7.9,3,0.84,1.21,1.0708333333333333
5,25,2,1,22.4,4,1.08,1.95,1.0654166666666667
5,25,2,1,29.6,1,0.79,1.67,1.0170833333333333
5,25,2,1,11.3,3,0.5,0.27,0.9683333333333334
6,25,2,1,38.3,4,0.73,0.33,0.9874999999999999
6,25,2,1,39.1,2,0.47,1.55,0.9933333333333333
7,25,2,1,-4.0,1,0.38,1.3,0.9445833333333332
7,25,2,1,25.0,3,1.73,0.29,0.9624999999999999
7,25,2,1,16.1,5,0.7,0.54,0.9795833333333333
7,25,2,1,23.3,5,1.68,1.9,1.0270833333333333
9,25,2,1,-3.0,5,0.42,0.57,0.9654166666666667
9,25,2,1,-6.2,4,1.52,0.75,1.0050000000000001
10,25,2,1,18.6,2,0.8,0.47,1.0070833333333333
11,25,2,1,22.3,5,0.92,1.72,1.0258333333333332
11,25,2,1,33.3,1,0.56,0.89,0.9775
12,25,2,1,17.0,1,0.24,1.46,0.9504166666666666
12,25,2,1,35.1,2,1.63,1.57,0.9574999999999999
14,25,2,1,34.0,3,0.31,0.95,0.9049999999999999
16,25,2,1,-7.8,4,0.47,1.7,0.8849999999999999
17,25,2,1,38.5,5,1.35,1.64,0.8704166666666667
18,25,2,1,33.0,5,1.14,1.09,0.8495833333333334
18,25,2,1,11.3,1,1.04,0.7,0.8475
20,25,2,1,0.9,3,1.55,0.34,0.8829166666666667
22,25,2,1,38.3,3,0.84,0.84,0.90375
23,25,2,1,23.6,2,0.88,1.08,0.9054166666666666
23,25,2,1,-0.5,4,1.44,0.79,0.9204166666666665
23,25,2,1,27.4,3,0.89,0.5,0.9245833333333332
0,26,3,1,1.0,2,1.42,0.73,0.9629166666666666
0,26,3,1,12.4,4,0.43,0.47,0.9504166666666666
3,26,3,1,24.5,1,1.71,0.38,1.0020833333333334
4,26,3,1,14.5,3,1.06,1.73,1.0304166666666668
5,26,3,1,15.0,2,0.21,0.7,0.9670833333333334
5,26,3,1,-0.8,5,0.32,1.68,0.95125
5,26,3,1,4.6,5,1.75,0.42,0.9541666666666667
5,26,3,1,20.1,5,1.85,1.52,1.01375
5,26,3,1,15.1,3,0.33,0.8,0.9641666666666667
6,26,3,1,26.0,3,0.26,0.92,0.9416666666666665
6,26,3,1,14.7,2,1.78,0.56,0.9775
7,26,3,1,19.7,2,0.93,0.24,0.9929166666666666
7,26,3,1,6.4,3,0.29,1.63,0.995
7,26,3,1,34.0,4,1.23,0.31,0.9783333333333334
9,26,3,1,29.6,3,1.1,0.47,1.01125
10,26,3,1,13.8,1,1.94,1.35,1.0725
11,26,3,1,7.2,4,0.5,1.14,1.0370833333333334
12,26,3,1,34.2,2,1.48,1.04,1.0512499999999998
17,26,3,1,33.3,1,1.78,1.55,1.0820833333333333
17,26,3,1,7.9,2,0.34,0.84,1.0316666666666665
17,26,3,1,-8.6,1,0.45,0.88,1.0154166666666666
18,26,3,1,33.7,5,2.0,1.44,1.0620833333333333
19,26,3,1,35.1,2,1.03,0.89,1.045
19,26,3,1,13.4,3,1.47,1.42,1.0691666666666666
20,26,3,1,39.1,2,1.26,0.43,1.0625
21,26,3,1,14.2,5,1.88,1.71,1.1229166666666666
22,26,3,1,8.1,1,0.21,1.06,1.0604166666666666
22,26,3,1,22.0,5,0.77,0.21,1.0483333333333333
22,26,3,1,1.0,2,1.22,0.32,1.0904166666666666
23,26,3,1,3.9,2,0.54,1.75,1.0995833333333334
2,27,4,1,35.6,1,0.36,1.85,1.0416666666666667
2,27,4,1,13.5,4,1.76,0.33,1.0379166666666666
3,27,4,1,19.6,5,1.74,0.26,1.0966666666666667
3,27,4,1,29.5,2,0.27,1.78,1.0970833333333334
3,27,4,1,15.4,2,1.61,0.93,1.09
4,27,4,1,9.5,1,1.92,0.29,1.13125
5,27,4,1,-8.2,2,1.29,1.23,1.1729166666666668
5,27,4,1,19.5,4,0.57,1.1,1.1454166666666667
5,27,4,1,19.8,3,1.09,1.94,1.145
6,27,4,1,24.4,2,1.58,0.5,1.13
6,27,4,1,25.3,4,1.75,1.48,1.1820833333333332
7,27,4,1,18.6,5,1.58,1.78,1.18625
7,27,4,1,25.8,3,0.27,0.34,1.1233333333333333
9,27,4,1,9.3,4,0.32,0.45,1.1225
12,27,4,1,6.1,1,1.95,2.0,1.185
13,27,4,1,35.1,1,0.62,1.03,1.1275000000000002
15,27,4,1,24.1,2,1.45,1.47,1.145
15,27,4,1,5.9,3,1.63,1.26,1.1516666666666666
18,27,4,1,-2.3,3,0.35,1.88,1.11375
18,27,4,1,-8.6,3,1.92,0.21,1.1154166666666667
19,27,4,1,19.4,4,1.21,0.77,1.1570833333333332
19,27,4,1,12.1,1,0.23,1.22,1.1345833333333333
20,27,4,1,29.6,1,0.76,0.54,1.1154166666666667
21,27,4,1,19.9,4,0.46,0.36,1.1120833333333333
21,27,4,1,4.2,5,1.5,1.76,1.1595833333333332
21,27,4,1,27.9,1,0.56,1.74,1.1095833333333334
22,27,4,1,-0.9,4,0.44,0.27,1.0554166666666667
22,27,4,1,24.8,3,1.48,1.61,1.1058333333333332
0,28,5,1,37.3,2,1.38,1.92,1.09625
0,28,5,1,25.8,4,0.75,1.29,1.0474999999999999
3,28,5,1,12.8,4,1.95,0.57,1.075
5,28,5,1,23.1,4,0.41,1.09,1.0683333333333334
8,28,5,1,3.3,1,1.06,1.58,1.0670833333333334
9,28,5,1,7.6,5,0.84,1.75,1.0362500000000001
10,28,5,1,24.3,5,0.43,1.58,0.9812500000000001
13,28,5,1,37.2,1,0.44,0.27,0.93375
14,28,5,1,26.5,1,1.53,0.32,0.98625
14,28,5,1,-9.4,1,0.44,1.95,0.99125
16,28,5,1,17.8,4,1.6,0.62,0.9766666666666667
17,28,5,1,-2.7,3,0.22,1.45,0.96
18,28,5,1,22.3,2,0.68,1.63,0.9279166666666666
18,28,5,1,8.8,4,1.35,0.35,0.9162500000000001
20,28,5,1,12.3,5,1.49,1.92,0.96375
20,28,5,1,6.6,3,1.11,1.21,0.93
20,28,5,1,9.5,2,0.72,0.23,0.9095833333333334
21,28,5,1,11.5,1,1.13,0.76,0.9470833333333334
23,28,5,1,37.6,4,1.94,0.46,0.9962499999999999
23,28,5,1,6.1,1,0.68,1.5,1.0054166666666668
23,28,5,1,20.0,1,1.59,0.56,1.0091666666666668
2,29,6,1,36.8,5,0.61,0.44,1.01125
3,29,6,1,5.0,3,0.46,1.48,1.0120833333333334
5,29,6,1,39.8,4,0.48,1.38,0.9704166666666666
6,29,6,1,35.5,5,0.42,0.75,0.9304166666666668
8,29,6,1,-9.0,3,1.35,1.95,0.9554166666666668
8,29,6,1,30.1,4,1.01,0.41,0.9162499999999999
8,29,6,1,30.1,2,1.0,1.06,0.9408333333333333
9,29,6,1,24.0,5,1.84,0.84,0.9733333333333333
10,29,6,1,-8.3,4,0.34,0.43,0.9525
11,29,6,1,-0.9,4,0.37,0.44,0.9500000000000001
12,29,6,1,-7.0,4,1.66,1.53,1.0008333333333332
12,29,6,1,12.7,5,1.56,0.44,1.0020833333333334
15,29,6,1,33.5,2,0.87,1.6,1.02
16,29,6,1,2.6,3,1.32,0.22,1.0083333333333333
16,29,6,1,10.5,1,0.7,0.68,1.0283333333333333
18,29,6,1,5.5,2,1.69,1.35,1.0704166666666668
19,29,6,1,7.7,2,0.51,1.49,1.0354166666666667
19,29,6,1,8.2,5,1.96,1.11,1.055
19,29,6,1,24.1,4,1.27,0.72,1.0616666666666668
19,29,6,1,9.6,2,1.99,1.13,1.1145833333333333
20,29,6,1,8.8,2,1.92,1.94,1.1475
21,29,6,1,30.3,4,1.93,0.68,1.1470833333333335
22,29,6,1,7.6,5,0.27,1.59,1.13
22,29,6,1,6.5,1,1.38,0.61,1.1212499999999999
0,30,0,1,22.8,1,1.72,0.46,1.1675
1,30,0,1,27.3,1,1.18,0.48,1.1975
2,30,0,1,14.0,3,1.62,0.42,1.245
4,30,0,1,26.3,1,0.31,1.35,1.2404166666666667
5,30,0,1,24.1,3,1.8,1.01,1.2591666666666665
6,30,0,1,21.1,3,0.5,1.0,1.2379166666666668
6,30,0,1,35.5,2,0.29,1.84,1.2083333333333333
6,30,0,1,0.6,2,1.49,0.34,1.1937499999999999
6,30,0,1,33.4,3,1.6,0.37,1.24625
7,30,0,1,38.2,5,1.33,1.66,1.2862500000000001
7,30,0,1,31.5,3,0.36,1.56,1.2320833333333334
8,30,0,1,-7.4,5,0.39,0.87,1.1833333333333333
8,30,0,1,28.5,1,0.22,1.32,1.15625
8,30,0,1,1.2,5,1.3,0.7,1.1554166666666668
9,30,0,1,16.4,1,1.12,1.69,1.1729166666666666
9,30,0,1,8.2,2,0.66,0.51,1.13
10,30,0,1,12.7,2,1.04,1.96,1.1520833333333333
10,30,0,1,20.8,1,1.27,1.27,1.1233333333333333
10,30,0,1,29.7,2,0.67,1.99,1.0983333333333334
11,30,0,1,-1.2,4,0.89,1.92,1.0525
11,30,0,1,1.1,2,1.03,1.93,1.0154166666666666
11,30,0,1,8.2,1,1.33,0.27,0.9904166666666666
18,30,0,1,23.8,2,1.07,1.38,1.02375
18,30,0,1,13.1,5,0.36,1.72,0.9812500000000001
19,30,0,1,-7.5,4,1.06,1.18,0.95375
20,30,0,1,30.2,4,0.89,1.62,0.9416666666666668
20,30,0,1,38.7,3,0.62,0.31,0.8999999999999999
20,30,0,1,32.2,2,0.75,1.8,0.9183333333333333
22,30,0,1,-4.2,1,0.73,0.5,0.8737499999999999
23,30,0,1,23.6,1,1.81,0.29,0.9283333333333333
0,31,1,1,13.6,2,0.85,1.49,0.9516666666666667
1,31,1,1,22.6,4,1.04,1.6,0.9329166666666667
2,31,1,1,6.5,2,1.58,1.33,0.9320833333333334
2,31,1,1,26.5,3,0.68,0.36,0.9049999999999999
2,31,1,1,39.7,2,0.72,0.39,0.9199999999999999
2,31,1,1,5.3,2,0.25,0.22,0.9141666666666666
3,31,1,1,-5.6,3,0.85,1.3,0.9404166666666667
3,31,1,1,2.6,4,0.92,1.12,0.9245833333333334
3,31,1,1,26.4,5,0.56,0.66,0.90125
3,31,1,1,19.4,1,1.2,1.04,0.9237500000000001
5,31,1,1,2.1,4,1.94,1.27,0.96125
6,31,1,1,5.8,1,1.19,0.67,0.9579166666666666
6,31,1,1,-6.2,1,1.87,0.89,1.0079166666666668
8,31,1,1,17.0,2,1.71,1.03,1.0420833333333335
9,31,1,1,18.8,1,1.88,1.33,1.0775
9,31,1,1,-8.7,4,1.66,1.07,1.09125
9,31,1,1,13.2,3,1.05,0.36,1.0904166666666668
9,31,1,1,-5.3,4,1.77,1.06,1.1491666666666667
9,31,1,1,19.0,4,0.5,0.89,1.1258333333333332
11,31,1,1,3.2,3,1.37,0.62,1.1458333333333333
12,31,1,1,36.1,2,1.38,0.75,1.1775
13,31,1,1,19.7,5,0.43,0.73,1.1641666666666668
13,31,1,1,-8.9,2,0.47,1.81,1.1533333333333333
13,31,1,1,4.3,1,0.8,0.85,1.1112499999999998
14,31,1,1,-5.5,2,0.69,1.04,1.1045833333333335
14,31,1,1,34.4,1,1.2,1.58,1.1112499999999998
14,31,1,1,24.4,5,1.53,0.68,1.1091666666666666
15,31,1,1,-3.1,5,0.42,0.72,1.0983333333333334
15,31,1,1,-2.2,1,1.15,0.25,1.1162500000000002
15,31,1,1,-6.5,3,1.1,0.85,1.1516666666666666
15,31,1,1,27.6,1,1.09,0.92,1.1616666666666666
15,31,1,1,29.8,3,1.43,0.56,1.1829166666666666
15,31,1,1,18.5,4,0.78,1.2,1.1920833333333334
15,31,1,1,28.6,1,1.42,1.94,1.20125
15,31,1,1,9.5,5,0.92,1.19,1.15875
15,31,1,1,38.4,3,1.17,1.87,1.1579166666666667
16,31,1,1,-0.6,4,0.53,1.71,1.1020833333333333
18,31,1,1,32.6,5,1.17,1.88,1.0795833333333333
19,31,1,1,21.4,5,1.11,1.66,1.0475
21,31,1,1,24.4,1,1.15,1.05,1.0262499999999999
21,31,1,1,-5.2,5,0.47,1.77,1.0020833333333334
22,31,1,1,25.2,2,0.22,0.5,0.9375
22,31,1,1,16.2,3,0.24,1.37,0.9266666666666666
23,31,1,1,-7.0,3,0.71,1.38,0.8991666666666666
23,31,1,1,12.5,5,0.35,0.43,0.8562500000000001
23,31,1,1,22.0,3,1.49,0.47,0.9004166666666666
1,1,2,2,-1.0,1,0.72,0.8,0.9108333333333333
1,1,2,2,26.4,3,1.82,0.69,0.9533333333333333
2,1,2,2,20.6,4,1.8,1.2,0.9995833333333333
2,1,2,2,-7.6,5,0.99,1.53,0.9908333333333333
2,1,2,2,22.6,4,1.47,0.42,0.9883333333333333
2,1,2,2,35.1,5,0.63,1.15,0.9970833333333333
4,1,2,2,21.1,4,0.53,1.1,0.97125
5,1,2,2,-0.1,1,0.95,1.09,0.965
6,1,2,2,12.2,4,0.87,1.43,0.9558333333333334
8,1,2,2,11.7,5,1.3,0.78,0.9504166666666668
8,1,2,2,-7.6,5,1.92,1.42,0.9979166666666667
9,1,2,2,36.8,3,1.08,0.92,0.9837500000000001
9,1,2,2,11.9,2,1.24,1.17,0.9970833333333333
10,1,2,2,-0.6,1,0.37,0.53,0.96375
10,1,2,2,-4.1,5,1.94,1.17,1.0225
10,1,2,2,19.5,1,1.47,1.11,1.035
11,1,2,2,35.1,2,0.88,1.15,1.0254166666666666
11,1,2,2,24.3,1,1.87,0.47,1.0554166666666667
11,1,2,2,32.3,2,1.72,0.22,1.1075
13,1,2,2,33.9,3,1.98,0.24,1.1808333333333334
13,1,2,2,10.2,2,0.41,0.71,1.1879166666666667
14,1,2,2,3.5,3,0.91,0.35,1.19625
14,1,2,2,20.6,1,1.52,1.49,1.2449999999999999
15,1,2,2,21.0,3,1.67,0.72,1.2525000000000002
16,1,2,2,39.1,4,1.43,1.82,1.2820833333333335
16,1,2,2,6.3,4,1.6,1.8,1.2729166666666667
19,1,2,2,-9.0,2,1.56,0.99,1.2629166666666667
20,1,2,2,1.8,1,1.42,1.47,1.2808333333333333
23,1,2,2,-7.7,1,1.42,0.63,1.27875
2,2,3,2,36.1,1,1.65,0.53,1.32125
2,2,3,2,33.3,2,0.27,0.95,1.3104166666666666
2,2,3,2,10.1,4,0.39,0.87,1.2870833333333334
2,2,3,2,16.5,1,0.38,1.3,1.2666666666666666
3,2,3,2,13.3,1,0.93,1.92,1.25125
4,2,3,2,33.0,4,1.23,1.08,1.2225
5,2,3,2,33.1,4,1.5,1.24,1.24
5,2,3,2,3.2,1,1.19,0.37,1.2379166666666668
5,2,3,2,-9.6,4,1.84,1.94,1.2991666666666666
5,2,3,2,19.7,4,1.86,1.47,1.2958333333333334
5,2,3,2,-1.8,2,0.93,0.88,1.2733333333333332
6,2,3,2,25.0,5,0.97,1.87,1.2770833333333333
6,2,3,2,27.6,4,1.38,1.72,1.2566666666666666
10,2,3,2,29.5,3,1.61,1.98,1.2520833333333334
11,2,3,2,36.0,4,1.39,0.41,1.2275
11,2,3,2,-8.8,1,0.38,0.91,1.22625
12,2,3,2,-8.5,5,1.89,1.52,1.2670833333333333
13,2,3,2,38.5,1,0.32,1.67,1.2170833333333333
14,2,3,2,19.7,2,0.78,1.43,1.18
16,2,3,2,35.1,3,0.38,1.6,1.13625
17,2,3,2,23.7,2,0.71,1.56,1.0991666666666666
18,2,3,2,17.8,5,0.96,1.42,1.0741666666666665
18,2,3,2,-0.3,3,0.71,1.42,1.0445833333333334
19,2,3,2,-7.1,5,0.54,1.65,1.0079166666666666
20,2,3,2,0.3,5,1.36,0.27,0.9958333333333332
20,2,3,2,-1.6,1,0.82,0.39,1.01875
21,2,3,2,25.3,1,1.65,0.38,1.07125
22,2,3,2,24.7,2,1.5,0.93,1.1179166666666667
23,2,3,2,34.4,3,1.75,1.23,1.1520833333333333
0,3,4,2,8.5,1,0.56,1.5,1.1241666666666668
0,3,4,2,29.6,1,1.09,1.19,1.1070833333333334
1,3,4,2,36.2,1,1.89,1.84,1.13625
1,3,4,2,34.1,1,1.62,1.86,1.1270833333333334
1,3,4,2,1.6,4,1.53,0.93,1.1133333333333333
2,3,4,2,31.7,4,1.79,0.97,1.1491666666666667
2,3,4,2,-4.5,3,1.47,1.38,1.1700000000000002
4,3,4,2,6.8,3,0.4,1.61,1.1291666666666667
6,3,4,2,2.9,4,1.26,1.39,1.1145833333333333
6,3,4,2,-8.1,1,1.12,0.38,1.1033333333333333
6,3,4,2,-7.0,4,1.72,1.89,1.1591666666666667
6,3,4,2,20.4,4,0.94,0.32,1.1195833333333334
6,3,4,2,36.4,1,1.61,0.78,1.1733333333333333
7,3,4,2,6.6,3,1.54,0.38,1.205
7,3,4,2,-5.1,2,0.4,0.71,1.2058333333333333
7,3,4,2,37.2,2,0.74,0.96,1.2070833333333335
9,3,4,2,35.4,4,0.84,0.71,1.2020833333333334
10,3,4,2,-6.1,3,1.18,0.54,1.2216666666666667
11,3,4,2,33.3,2,1.27,1.36,1.2520833333333334
15,3,4,2,20.2,5,1.93,0.82,1.2758333333333334
16,3,4,2,17.8,3,0.72,1.65,1.2716666666666667
16,3,4,2,31.8,5,0.23,1.5,1.2125
16,3,4,2,33.8,5,1.95,1.75,1.23125
17,3,4,2,28.6,5,0.72,0.56,1.1883333333333332
18,3,4,2,27.6,2,0.89,1.09,1.2020833333333334
19,3,4,2,0.3,3,1.05,1.89,1.2004166666666667
23,3,4,2,10.0,2,1.74,1.62,1.1941666666666666
23,3,4,2,20.4,4,1.36,1.53,1.1833333333333333
0,4,5,2,19.6,3,1.23,1.79,1.1708333333333334
0,4,5,2,39.7,4,1.73,1.47,1.1683333333333332
0,4,5,2,7.4,3,1.04,0.4,1.1504166666666666
1,4,5,2,-1.5,4,0.54,1.26,1.15625
1,4,5,2,19.7,3,0.44,1.12,1.1220833333333333
2,4,5,2,32.7,5,0.78,1.72,1.1079166666666667
2,4,5,2,18.1,3,1.77,0.94,1.11
3,4,5,2,-1.4,3,1.54,1.61,1.135
3,4,5,2,-4.9,4,0.89,1.54,1.105
4,4,5,2,28.4,4,0.85,0.4,1.07625
5,4,5,2,21.6,5,1.45,0.74,1.12
6,4,5,2,-6.3,3,0.23,0.84,1.0987500000000001
7,4,5,2,25.7,2,0.73,1.18,1.0941666666666665
7,4,5,2,-8.4,1,1.21,1.27,1.0954166666666667
8,4,5,2,-9.9,2,1.06,1.93,1.0866666666666667
9,4,5,2,-9.2,5,0.59,0.72,1.0308333333333335
12,4,5,2,6.7,3,1.54,0.23,1.0650000000000002
13,4,5,2,-5.9,1,1.44,1.95,1.1154166666666667
15,4,5,2,4.9,1,0.81,0.72,1.0679166666666666
17,4,5,2,16.0,1,1.96,0.89,1.1195833333333334
17,4,5,2,28.8,1,1.28,1.05,1.1358333333333333
17,4,5,2,-0.5,5,1.0,1.74,1.13375
18,4,5,2,4.3,1,1.15,1.36,1.1091666666666666
18,4,5,2,-5.5,4,0.35,1.23,1.0670833333333334
19,4,5,2,22.8,5,0.29,1.73,1.0279166666666668
20,4,5,2,-6.7,4,1.93,1.04,1.0362500000000001
20,4,5,2,-6.6,4,0.87,0.54,1.0291666666666666
21,4,5,2,-8.2,5,1.3,0.44,1.0608333333333333
21,4,5,2,38.4,3,1.08,0.78,1.0875000000000001
22,4,5,2,37.5,1,1.24,1.77,1.1066666666666667
23,4,5,2,10.1,3,0.67,1.54,1.0608333333333333
0,5,6,2,16.7,5,0.94,0.89,1.0358333333333334
0,5,6,2,17.2,5,1.54,0.85,1.0629166666666665
0,5,6,2,20.3,5,0.6,1.45,1.0525
1,5,6,2,23.7,4,1.11,0.23,1.0383333333333333
2,5,6,2,14.7,5,1.35,0.73,1.085
2,5,6,2,19.7,3,0.23,1.21,1.0641666666666667
2,5,6,2,25.4,1,1.66,1.06,1.0829166666666667
2,5,6,2,7.6,5,1.26,0.59,1.0912499999999998
4,5,6,2,20.8,1,1.09,1.54,1.1120833333333333
5,5,6,2,3.4,3,0.62,1.44,1.07375
7,5,6,2,6.0,3,1.45,0.81,1.0741666666666665
7,5,6,2,37.8,1,1.17,1.96,1.0891666666666666
7,5,6,2,31.3,5,0.65,1.28,1.0345833333333332
8,5,6,2,25.0,1,1.14,1.0,1.02875
9,5,6,2,-8.9,1,1.31,1.15,1.0416666666666667
12,5,6,2,27.1,3,0.86,0.35,1.0295833333333333
14,5,6,2,-7.3,2,1.41,0.29,1.0737500000000002
15,5,6,2,20.7,1,1.28,1.93,1.115
15,5,6,2,32.5,2,0.94,0.87,1.07375
18,5,6,2,35.7,3,1.82,1.3,1.1133333333333335
19,5,6,2,14.9,1,0.3,1.08,1.0716666666666668
23,5,6,2,21.3,5,1.84,1.24,1.1033333333333333
23,5,6,2,30.0,5,1.17,0.67,1.1004166666666666
3,6,0,2,19.8,5,0.63,0.94,1.09875
4,6,0,2,36.4,3,0.48,1.54,1.0795833333333333
4,6,0,2,18.1,3,0.59,0.6,1.0399999999999998
6,6,0,2,28.7,2,0.7,1.11,1.0441666666666667
6,6,0,2,-5.0,3,0.71,1.35,1.0275
6,6,0,2,-7.9,1,1.13,0.23,1.0183333333333333
7,6,0,2,6.5,4,0.43,1.66,1.0266666666666666
7,6,0,2,9.1,4,1.96,1.26,1.0391666666666666
8,6,0,2,5.2,2,0.85,1.09,1.0220833333333335
9,6,0,2,-6.0,2,1.91,0.62,1.0562500000000001
9,6,0,2,-2.1,1,0.98,1.45,1.07125
11,6,0,2,19.8,5,0.34,1.17,1.0250000000000001
11,6,0,2,36.4,1,0.42,0.65,0.9937499999999999
11,6,0,2,-1.8,4,0.33,1.14,0.9804166666666667
11,6,0,2,20.4,1,0.77,1.31,0.965
12,6,0,2,37.5,4,1.22,0.86,0.96125
12,6,0,2,37.6,4,1.8,1.41,1.0004166666666665
12,6,0,2,9.9,3,1.95,1.28,1.0229166666666667
13,6,0,2,4.5,2,1.2,0.94,1.0195833333333333
15,6,0,2,4.7,1,1.83,1.82,1.0566666666666666
15,6,0,2,2.4,2,1.36,0.3,1.0374999999999999
16,6,0,2,12.8,5,1.17,1.84,1.07375
16,6,0,2,37.8,4,0.82,1.17,1.03125
17,6,0,2,-8.8,4,1.99,0.63,1.0654166666666667
18,6,0,2,39.5,1,0.53,0.48,1.06125
18,6,0,2,-6.3,2,1.58,0.59,1.1070833333333334
18,6,0,2,34.1,5,1.74,0.7,1.155
19,6,0,2,14.9,1,0.61,0.71,1.15125
20,6,0,2,36.4,4,0.79,1.13,1.1545833333333333
22,6,0,2,1.7,2,1.93,0.43,1.1879166666666665
23,6,0,2,39.2,4,0.75,1.96,1.20125
1,7,1,2,1.2,1,1.99,0.85,1.2025000000000001
2,7,1,2,-4.1,4,1.8,1.91,1.2420833333333332
3,7,1,2,23.5,2,0.58,0.98,1.1866666666666668
3,7,1,2,29.1,4,0.23,0.34,1.1554166666666668
3,7,1,2,26.3,1,1.86,0.42,1.21875
4,7,1,2,11.0,5,1.36,0.33,1.2579166666666668
7,7,1,2,-9.7,2,0.94,0.77,1.2833333333333334
7,7,1,2,24.3,2,0.83,1.22,1.2858333333333334
9,7,1,2,20.2,5,0.63,1.8,1.2612500000000002
9,7,1,2,3.7,5,1.69,1.95,1.2566666666666666
9,7,1,2,0.3,5,1.61,1.2,1.2425
10,7,1,2,38.4,4,1.67,1.83,1.2620833333333334
11,7,1,2,21.2,4,0.23,1.36,1.1954166666666668
11,7,1,2,33.9,5,0.67,1.17,1.1666666666666667
13,7,1,2,32.6,5,1.84,0.82,1.1945833333333333
14,7,1,2,13.4,1,0.97,1.99,1.2008333333333334
15,7,1,2,35.0,4,1.47,0.53,1.1791666666666667
16,7,1,2,25.8,3,0.31,1.58,1.17
17,7,1,2,3.2,2,0.66,1.74,1.1316666666666666
19,7,1,2,-4.7,5,0.22,0.61,1.0683333333333334
20,7,1,2,7.7,3,1.56,0.79,1.1079166666666667
21,7,1,2,6.0,1,1.89,1.93,1.15375
21,7,1,2,9.6,5,0.87,0.75,1.1095833333333334
21,7,1,2,-9.9,4,0.7,1.99,1.1075000000000002
22,7,1,2,17.4,5,0.52,1.8,1.04625
22,7,1,2,25.3,3,1.07,0.58,1.0158333333333334
22,7,1,2,8.0,2,1.41,0.23,1.0504166666666668
23,7,1,2,30.7,1,1.65,1.86,1.1095833333333334
1,8,2,2,-6.8,4,1.04,1.36,1.0754166666666667
2,8,2,2,2.2,4,1.79,0.94,1.0933333333333333
2,8,2,2,37.2,4,1.65,0.83,1.1229166666666666
2,8,2,2,13.2,3,1.03,0.63,1.1312499999999999
4,8,2,2,17.5,5,1.46,1.69,1.1658333333333333
4,8,2,2,5.3,4,1.12,1.61,1.1420833333333333
6,8,2,2,4.5,3,1.59,1.67,1.14125
6,8,2,2,38.5,2,0.58,0.23,1.0958333333333334
7,8,2,2,20.9,3,1.51,0.67,1.1491666666666667
8,8,2,2,31.7,2,0.35,1.84,1.1358333333333335
10,8,2,2,22.1,2,1.72,0.97,1.1308333333333334
13,8,2,2,-7.3,4,0.5,1.47,1.1112499999999998
14,8,2,2,-3.6,1,0.98,0.31,1.0908333333333333
15,8,2,2,4.4,5,1.18,0.66,1.1270833333333334
15,8,2,2,5.8,2,0.75,0.22,1.1308333333333334
16,8,2,2,26.6,4,0.56,1.56,1.1449999999999998
16,8,2,2,39.8,4,0.61,1.89,1.1054166666666665
16,8,2,2,14.6,3,0.82,0.87,1.0608333333333333
16,8,2,2,18.9,1,1.47,0.7,1.0858333333333334
17,8,2,2,-9.5,3,1.73,0.52,1.12875
18,8,2,2,32.4,2,0.63,1.07,1.1333333333333333
21,8,2,2,14.5,2,1.71,1.41,1.16
21,8,2,2,31.1,1,0.65,1.65,1.1283333333333332
22,8,2,2,28.9,4,1.59,1.04,1.1258333333333332
22,8,2,2,36.9,3,1.18,1.79,1.1316666666666666
23,8,2,2,15.9,5,1.64,1.65,1.1254166666666667
1,9,3,2,5.8,1,0.9,1.03,1.0941666666666665
3,9,3,2,22.3,3,1.96,1.46,1.1329166666666666
3,9,3,2,32.4,1,0.79,1.12,1.105
5,9,3,2,-3.8,5,0.74,1.59,1.0891666666666666
5,9,3,2,28.6,4,1.04,0.58,1.06625
7,9,3,2,8.6,3,0.47,1.51,1.0616666666666665
7,9,3,2,8.2,4,0.21,0.35,1.0075
8,9,3,2,11.6,3,1.32,1.72,1.0479166666666666
8,9,3,2,-2.2,5,1.89,0.5,1.055
8,9,3,2,-0.7,1,1.96,0.98,1.1158333333333335
9,9,3,2,26.0,5,0.31,1.18,1.0879166666666666
11,9,3,2,-2.0,2,1.94,0.75,1.1195833333333334
11,9,3,2,20.7,2,0.95,0.56,1.1279166666666667
11,9,3,2,27.2,4,1.47,0.61,1.1658333333333333
12,9,3,2,37.7,5,1.28,0.82,1.19375
13,9,3,2,36.3,1,0.45,1.47,1.1783333333333335
13,9,3,2,-3.3,5,0.27,1.73,1.1283333333333332
14,9,3,2,-8.5,2,0.26,0.63,1.0670833333333334
14,9,3,2,27.9,5,1.99,1.71,1.12375
14,9,3,2,12.1,2,1.59,0.65,1.11875
15,9,3,2,23.9,1,1.96,1.59,1.1733333333333333
16,9,3,2,7.0,5,1.1,1.18,1.1529166666666668
19,9,3,2,-1.9,2,0.7,1.64,1.1329166666666668
22,9,3,2,26.5,4,0.99,0.9,1.1058333333333332
22,9,3,2,17.7,1,1.58,1.96,1.1341666666666668
23,9,3,2,3.5,4,1.17,0.79,1.10125
23,9,3,2,38.3,4,0.81,0.74,1.1020833333333335
2,10,4,2,28.9,5,1.79,1.04,1.1458333333333333
3,10,4,2,-9.9,1,0.32,0.47,1.1158333333333335
3,10,4,2,29.3,4,1.15,0.21,1.1441666666666668
5,10,4,2,20.0,2,1.98,1.32,1.2179166666666668
5,10,4,2,34.5,5,0.23,1.89,1.1725
7,10,4,2,35.9,1,1.98,1.96,1.17625
8,10,4,2,-7.9,2,0.44,0.31,1.1129166666666666
9,10,4,2,10.8,5,0.35,1.94,1.1145833333333333
10,10,4,2,-7.0,4,0.39,0.95,1.05
10,10,4,2,-5.1,4,1.75,1.47,1.0833333333333333
11,10,4,2,16.9,4,0.54,1.28,1.0445833333333334
11,10,4,2,33.8,5,1.57,0.45,1.0566666666666666
11,10,4,2,24.4,4,1.56,0.27,1.1029166666666665
13,10,4,2,4.5,2,0.43,0.26,1.1095833333333334
14,10,4,2,29.2,4,1.14,1.99,1.14625
15,10,4,2,9.0,5,1.23,1.59,1.1145833333333333
15,10,4,2,17.6,1,1.24,1.96,1.1
17,10,4,2,-0.8,1,1.24,1.1,1.07
17,10,4,2,20.4,3,1.85,0.7,1.10125
19,10,4,2,16.2,4,1.75,0.99,1.145
19,10,4,2,12.3,1,0.39,1.58,1.1199999999999999
20,10,4,2,30.3,2,0.82,1.17,1.0883333333333332
20,10,4,2,20.8,5,0.65,0.81,1.0666666666666667
20,10,4,2,32.3,3,1.16,1.79,1.08125
20,10,4,2,3.7,1,0.87,0.32,1.0429166666666665
21,10,4,2,11.4,3,1.11,1.15,1.0758333333333334
22,10,4,2,3.1,1,1.13,1.98,1.075
23,10,4,2,7.1,5,1.38,0.23,1.05
23,10,4,2,25.8,4,0.65,1.98,1.0675000000000001
0,11,5,2,3.5,4,0.28,0.44,0.9966666666666666
1,11,5,2,2.6,3,1.63,0.35,1.04625
1,11,5,2,-10.0,3,0.64,0.39,1.0583333333333333
1,11,5,2,18.5,5,0.29,1.75,1.0541666666666667
2,11,5,2,37.5,4,1.55,0.54,1.0458333333333332
3,11,5,2,-5.2,4,0.9,1.57,1.0608333333333333
3,11,5,2,28.4,3,1.46,1.56,1.0562500000000001
4,11,5,2,25.1,2,0.59,0.43,1.0158333333333334
4,11,5,2,-8.5,2,1.77,1.14,1.0716666666666668
4,11,5,2,32.9,1,0.85,1.23,1.0595833333333333
5,11,5,2,4.8,2,0.87,1.24,1.0445833333333334
5,11,5,2,27.4,5,0.65,1.24,1.0199999999999998
9,11,5,2,3.2,3,1.3,1.85,1.0225
9,11,5,2,14.6,3,0.54,1.75,0.9679166666666665
9,11,5,2,-1.4,4,1.75,0.39,0.9679166666666665
10,11,5,2,6.7,3,0.87,0.82,0.9879166666666667
10,11,5,2,0.2,1,1.68,0.65,1.02375
10,11,5,2,-1.1,3,0.53,1.16,1.01875
11,11,5,2,-9.7,2,0.37,0.87,0.9858333333333333
11,11,5,2,-8.5,3,1.71,1.11,1.0208333333333333
12,11,5,2,0.9,5,1.47,1.13,1.0358333333333334
15,11,5,2,25.2,2,1.99,1.38,1.0716666666666665
15,11,5,2,11.5,2,0.76,0.65,1.0458333333333334
17,11,5,2,-5.0,2,1.39,0.28,1.0766666666666664
18,11,5,2,-7.5,2,0.55,1.63,1.0879166666666666
19,11,5,2,8.4,3,0.26,0.64,1.0308333333333333
21,11,5,2,30.0,1,0.83,0.29,1.03875
21,11,5,2,-6.5,3,0.43,1.55,1.0445833333333332
22,11,5,2,34.7,5,0.21,0.9,0.98875
22,11,5,2,1.7,3,0.73,1.46,0.9816666666666666
22,11,5,2,27.5,5,1.03,0.59,0.9637500000000001
23,11,5,2,27.4,1,0.38,1.77,0.955
23,11,5,2,4.6,3,0.56,0.85,0.9045833333333332
1,12,6,2,12.0,4,0.82,0.87,0.9033333333333333
2,12,6,2,-2.4,4,1.27,0.65,0.9199999999999999
2,12,6,2,3.4,3,1.06,1.3,0.9370833333333334
2,12,6,2,14.8,5,1.96,0.54,0.9645833333333332
3,12,6,2,12.3,4,1.14,1.75,0.9895833333333334
4,12,6,2,23.1,3,0.37,0.87,0.9320833333333334
4,12,6,2,17.2,1,1.74,1.68,0.9683333333333333
4,12,6,2,0.1,3,0.36,0.53,0.9133333333333334
5,12,6,2,-5.6,1,0.3,0.37,0.9037499999999999
6,12,6,2,27.1,3,1.9,1.71,0.9674999999999999
7,12,6,2,15.4,3,0.41,1.47,0.9133333333333334
10,12,6,2,20.4,5,0.74,1.99,0.8829166666666666
13,12,6,2,33.3,5,1.12,0.76,0.8466666666666667
14,12,6,2,25.5,1,1.69,1.39,0.8854166666666665
16,12,6,2,21.4,5,1.97,0.55,0.9095833333333334
17,12,6,2,3.6,5,1.74,0.26,0.9591666666666666
18,12,6,2,32.6,3,0.27,0.83,0.9595833333333332
21,12,6,2,4.6,1,1.96,0.43,1.0066666666666666
22,12,6,2,19.7,5,0.94,0.21,1.0279166666666668
23,12,6,2,-3.0,4,0.97,0.73,1.0595833333333333
23,12,6,2,26.4,1,0.28,1.03,1.0408333333333333
0,13,0,2,20.8,2,1.04,0.38,1.04125
1,13,0,2,-0.6,2,0.36,0.56,1.0404166666666665
1,13,0,2,19.9,2,0.47,0.82,1.0366666666666666
2,13,0,2,23.4,1,1.56,1.27,1.0675000000000001
2,13,0,2,15.1,1,1.53,1.06,1.0783333333333334
3,13,0,2,8.3,3,1.07,1.96,1.0787499999999999
3,13,0,2,5.0,1,1.72,1.14,1.06875
3,13,0,2,-2.9,3,1.68,0.37,1.09125
7,13,0,2,30.4,1,1.13,1.74,1.1229166666666666
7,13,0,2,23.5,5,0.42,0.36,1.0679166666666668
10,13,0,2,12.8,5,0.86,0.3,1.0887499999999999
11,13,0,2,10.8,3,1.83,1.9,1.1525
11,13,0,2,39.1,3,1.08,0.41,1.1183333333333334
12,13,0,2,-1.5,4,1.12,0.74,1.1479166666666665
14,13,0,2,16.5,3,0.66,1.12,1.1445833333333333
15,13,0,2,5.1,5,0.71,1.69,1.1275
16,13,0,2,38.0,5,0.49,1.97,1.0775000000000001
16,13,0,2,1.8,5,0.49,1.74,1.0158333333333334
18,13,0,2,-9.6,5,1.91,0.27,1.0229166666666667
18,13,0,2,10.6,5,0.46,1.96,1.0308333333333335
19,13,0,2,4.6,3,1.82,0.94,1.0250000000000001
19,13,0,2,9.2,5,1.35,0.97,1.0420833333333333
20,13,0,2,-9.9,2,0.66,0.28,1.0291666666666666
20,13,0,2,20.9,1,0.31,1.04,1.0304166666666668
20,13,0,2,-0.3,4,1.3,0.36,1.04125
22,13,0,2,0.0,2,1.32,0.47,1.08125
22,13,0,2,22.4,5,1.15,1.56,1.1095833333333334
23,13,0,2,-6.1,2,0.39,1.53,1.0608333333333333
23,13,0,2,12.3,4,0.86,1.07,1.0329166666666667
4,14,1,2,18.0,1,0.5,1.72,1.0091666666666668
5,14,1,2,14.2,2,0.66,1.68,0.965
6,14,1,2,12.4,3,1.07,1.13,0.9395833333333333
6,14,1,2,-5.9,5,0.47,0.42,0.9120833333333334
7,14,1,2,3.3,5,1.45,0.86,0.955
8,14,1,2,0.6,5,1.97,1.83,1.00125
8,14,1,2,-8.1,4,1.59,1.08,0.99125
9,14,1,2,21.7,1,1.3,1.12,1.0004166666666665
11,14,1,2,11.2,4,0.3,0.66,0.96625
11,14,1,2,11.2,4,1.88,0.71,1.0170833333333333
11,14,1,2,1.6,3,0.73,0.49,1.0179166666666666
11,14,1,2,25.4,2,0.78,0.49,1.03
12,14,1,2,21.6,2,1.03,1.91,1.0525
13,14,1,2,-9.7,2,0.45,0.46,0.9916666666666667
13,14,1,2,25.1,2,0.7,1.82,1.0016666666666667
13,14,1,2,-5.0,3,1.98,1.35,1.0083333333333333
14,14,1,2,22.1,2,1.35,0.66,1.0083333333333335
15,14,1,2,37.6,1,1.38,0.31,1.0383333333333333
15,14,1,2,33.7,4,1.84,1.3,1.1020833333333333
16,14,1,2,7.2,5,1.45,1.32,1.1083333333333334
16,14,1,2,-0.8,1,0.91,1.15,1.09125
17,14,1,2,-6.4,5,0.41,0.39,1.0604166666666666
17,14,1,2,28.4,4,1.45,0.86,1.1045833333333333
17,14,1,2,15.8,1,0.79,0.5,1.1016666666666666
17,14,1,2,-9.9,5,0.23,0.66,1.0904166666666666
19,14,1,2,22.3,2,0.3,1.07,1.0754166666666667
19,14,1,2,6.6,2,0.88,0.47,1.0675
20,14,1,2,37.4,5,1.67,1.45,1.1175
22,14,1,2,21.7,1,0.34,1.97,1.07125
22,14,1,2,35.6,3,1.66,1.59,1.0583333333333333
22,14,1,2,17.8,2,1.06,1.3,1.0362500000000001
23,14,1,2,37.0,2,1.34,0.3,1.0379166666666666
1,15,2,2,38.9,4,0.24,1.88,1.0354166666666667
1,15,2,2,4.5,5,0.95,0.73,0.9966666666666667
2,15,2,2,23.2,1,1.94,0.78,1.0470833333333334
2,15,2,2,39.5,5,0.57,1.03,1.0383333333333333
2,15,2,2,39.3,1,1.45,0.45,1.0558333333333334
2,15,2,2,9.8,3,1.71,0.7,1.1083333333333332
3,15,2,2,18.7,5,1.99,1.98,1.1620833333333334
4,15,2,2,29.6,1,0.82,1.35,1.11375
5,15,2,2,0.8,1,0.4,1.38,1.0741666666666667
5,15,2,2,2.2,3,0.32,1.84,1.03
5,15,2,2,17.8,4,0.92,1.45,0.9916666666666667
5,15,2,2,36.4,5,0.98,0.91,0.9720833333333333
8,15,2,2,30.1,1,1.19,0.41,0.98375
10,15,2,2,19.3,1,1.53,1.45,1.0304166666666668
11,15,2,2,-1.8,2,1.88,0.79,1.0483333333333333
12,15,2,2,9.1,5,1.59,0.23,1.0816666666666668
12,15,2,2,39.4,1,1.09,0.3,1.1175
13,15,2,2,17.9,1,0.92,0.88,1.1433333333333333
15,15,2,2,27.0,4,1.27,1.67,1.1595833333333334
17,15,2,2,33.9,1,1.53,0.34,1.1537499999999998
19,15,2,2,-1.2,5,1.59,1.66,1.2058333333333333
21,15,2,2,19.8,3,1.87,1.06,1.2145833333333333
23,15,2,2,36.5,2,1.51,1.34,1.2333333333333334
0,16,3,2,17.2,2,1.91,0.24,1.2570833333333333
0,16,3,2,-4.0,4,1.25,0.95,1.2991666666666666
3,16,3,2,7.9,5,1.18,1.94,1.30875
3,16,3,2,-6.7,1,1.17,0.57,1.2766666666666666
4,16,3,2,28.4,3,0.92,1.45,1.29125
4,16,3,2,21.5,5,1.52,1.71,1.2941666666666667
5,16,3,2,-6.8,2,1.5,1.99,1.2854166666666667
5,16,3,2,-3.6,5,0.33,0.82,1.2162499999999998
6,16,3,2,9.2,1,0.83,0.4,1.2166666666666666
6,16,3,2,11.3,5,1.77,0.32,1.27375
7,16,3,2,33.4,1,0.99,0.92,1.3016666666666667
7,16,3,2,27.4,5,0.76,0.98,1.295
7,16,3,2,-8.3,2,1.72,1.19,1.3258333333333334
8,16,3,2,-9.6,2,0.84,1.53,1.31125
8,16,3,2,35.1,5,1.25,1.88,1.2995833333333333
10,16,3,2,13.4,3,1.0,1.59,1.2629166666666667
12,16,3,2,-5.9,5,1.13,1.09,1.2437500000000001
13,16,3,2,-4.3,2,1.42,0.92,1.2575
13,16,3,2,26.5,4,1.08,1.27,1.2641666666666667
13,16,3,2,-2.0,3,0.31,1.53,1.2241666666666666
15,16,3,2,1.9,4,1.59,1.59,1.2266666666666668
16,16,3,2,21.8,3,1.03,1.87,1.2033333333333334
18,16,3,2,1.1,1,1.93,1.51,1.2058333333333333
20,16,3,2,15.4,3,1.85,1.91,1.22
20,16,3,2,12.1,1,1.25,1.25,1.1925
20,16,3,2,-4.8,3,0.77,1.18,1.1725
23,16,3,2,16.1,3,0.54,1.17,1.1458333333333333
23,16,3,2,31.9,2,0.52,0.92,1.1187500000000001
23,16,3,2,32.3,1,0.59,1.52,1.105
1,17,4,2,38.3,4,1.46,1.5,1.1025
2,17,4,2,17.2,5,0.81,0.33,1.07375
2,17,4,2,10.5,5,1.2,0.83,1.11
2,17,4,2,36.8,2,1.82,1.77,1.1512499999999999
3,17,4,2,28.4,1,0.89,0.99,1.1145833333333333
6,17,4,2,12.9,1,0.47,0.76,1.0929166666666665
6,17,4,2,3.6,3,1.27,1.72,1.1141666666666667
6,17,4,2,-6.1,3,0.49,0.84,1.0629166666666667
6,17,4,2,36.0,1,0.93,1.25,1.0666666666666667
11,17,4,2,30.2,1,1.82,1.0,1.0904166666666668
11,17,4,2,18.4,3,1.23,1.13,1.1
11,17,4,2,39.7,4,0.32,1.42,1.06625
12,17,4,2,-1.5,3,0.62,1.08,1.0329166666666667
12,17,4,2,25.1,2,1.06,0.31,1.0320833333333332
13,17,4,2,-2.0,1,1.95,1.59,1.1004166666666666
13,17,4,2,18.8,4,0.91,1.03,1.0720833333333333
13,17,4,2,-7.3,3,0.92,1.93,1.0675000000000001
13,17,4,2,12.0,3,1.23,1.85,1.0383333333333333
13,17,4,2,23.7,3,0.91,1.25,0.9991666666666666
14,17,4,2,13.6,4,0.69,0.77,0.9758333333333334
14,17,4,2,-3.3,3,1.54,0.54,1.0079166666666666
14,17,4,2,34.4,4,1.33,0.52,1.0408333333333333
15,17,4,2,35.8,4,1.31,0.59,1.07375
16,17,4,2,34.9,2,1.67,1.46,1.1187500000000001
16,17,4,2,23.6,1,1.54,0.81,1.1220833333333333
17,17,4,2,17.0,1,0.99,1.2,1.1295833333333334
17,17,4,2,11.5,1,0.42,1.82,1.0970833333333334
18,17,4,2,-6.0,1,0.46,0.89,1.0404166666666668
19,17,4,2,38.1,5,1.6,0.47,1.07
19,17,4,2,32.8,4,1.19,1.27,1.1
21,17,4,2,13.9,2,1.59,0.49,1.1133333333333335
21,17,4,2,37.0,2,0.79,0.93,1.1258333333333332
22,17,4,2,27.1,4,1.82,1.82,1.1629166666666666
22,17,4,2,16.2,4,1.51,1.23,1.1500000000000001
23,17,4,2,9.5,1,1.08,0.32,1.14375
0,18,5,2,38.7,1,0.58,0.62,1.1545833333333333
1,18,5,2,-6.5,1,0.98,1.06,1.1695833333333334
1,18,5,2,28.9,2,0.32,1.95,1.13875
2,18,5,2,10.4,1,0.47,0.91,1.0770833333333334
2,18,5,2,-4.6,1,0.51,0.92,1.0604166666666666
2,18,5,2,8.5,4,0.37,1.23,1.0374999999999999
2,18,5,2,7.4,1,1.43,0.91,1.0458333333333334
4,18,5,2,22.6,5,0.24,0.69,1.0179166666666668
5,18,5,2,4.4,2,1.68,1.54,1.0591666666666668
7,18,5,2,36.5,1,0.65,1.33,1.0220833333333335
8,18,5,2,4.5,2,1.5,1.31,1.0291666666666666
9,18,5,2,37.8,4,1.83,1.67,1.0508333333333333
9,18,5,2,1.6,2,0.72,1.54,1.01125
10,18,5,2,10.0,2,1.71,0.99,1.0183333333333333
11,18,5,2,24.2,1,0.59,0.42,1.0016666666666667
12,18,5,2,3.6,2,0.83,0.46,1.01875
12,18,5,2,21.0,5,1.97,1.6,1.0816666666666666
13,18,5,2,35.0,5,0.8,1.19,1.0483333333333333
13,18,5,2,17.2,4,1.54,1.59,1.0629166666666665
15,18,5,2,14.3,3,0.91,0.79,1.0345833333333332
15,18,5,2,12.3,2,1.93,1.82,1.0820833333333333
15,18,5,2,29.1,2,1.29,1.51,1.06
16,18,5,2,17.8,5,1.4,1.08,1.0554166666666667
16,18,5,2,37.6,3,1.88,0.58,1.0887499999999999
16,18,5,2,35.8,2,1.3,0.98,1.11875
18,18,5,2,10.6,3,1.88,0.32,1.1562499999999998
19,18,5,2,-2.7,1,1.3,0.47,1.1970833333333333
20,18,5,2,39.4,1,1.84,0.51,1.2541666666666667
21,18,5,2,34.4,2,1.35,0.37,1.2891666666666668
22,18,5,2,31.6,1,1.99,1.43,1.3566666666666667
22,18,5,2,37.2,4,0.86,0.24,1.3329166666666667
23,18,5,2,22.8,4,0.72,1.68,1.3529166666666665
23,18,5,2,-4.8,1,0.39,0.65,1.2991666666666666
2,19,6,2,-1.2,2,0.4,1.5,1.28875
4,19,6,2,24.8,5,0.51,1.83,1.2475
5,19,6,2,19.1,2,1.03,0.72,1.2141666666666666
7,19,6,2,1.0,3,0.98,1.71,1.2249999999999999
7,19,6,2,10.3,1,0.5,0.59,1.1745833333333333
7,19,6,2,5.0,3,1.52,0.83,1.2133333333333332
7,19,6,2,38.3,3,0.81,1.97,1.2125000000000001
8,19,6,2,22.5,1,1.25,0.8,1.1825
8,19,6,2,-8.3,4,1.43,1.54,1.20875
9,19,6,2,-9.7,4,0.67,0.91,1.1725
9,19,6,2,-3.5,4,1.17,1.93,1.1833333333333333
10,19,6,2,36.8,5,1.23,1.29,1.1541666666666666
10,19,6,2,-4.1,1,0.43,1.4,1.1183333333333334
14,19,6,2,29.9,1,1.63,1.88,1.1279166666666667
14,19,6,2,4.3,3,1.52,1.3,1.1129166666666668
15,19,6,2,33.3,1,0.45,1.88,1.0775
16,19,6,2,-3.0,2,1.52,1.3,1.0625
17,19,6,2,11.3,5,0.78,1.84,1.0408333333333333
17,19,6,2,9.9,4,1.57,1.35,1.0295833333333333
18,19,6,2,34.1,1,0.55,1.99,0.99625
18,19,6,2,13.3,2,1.04,0.86,0.9566666666666667
20,19,6,2,34.8,4,1.82,0.72,0.9966666666666666
23,19,6,2,32.7,2,0.66,0.39,0.9941666666666666
23,19,6,2,24.3,2,1.23,0.4,1.0291666666666666
23,19,6,2,34.6,2,1.67,0.51,1.0820833333333333
0,20,0,2,-4.9,1,0.76,1.03,1.0925
1,20,0,2,-5.3,5,1.82,0.98,1.1254166666666667
2,20,0,2,12.6,3,0.65,0.5,1.1116666666666666
4,20,0,2,29.1,1,1.14,1.52,1.1383333333333334
4,20,0,2,22.3,3,1.63,0.81,1.1429166666666666
6,20,0,2,32.4,4,1.46,1.25,1.17
7,20,0,2,36.9,3,0.76,1.43,1.1495833333333334
7,20,0,2,11.6,1,1.68,0.67,1.16
7,20,0,2,10.8,1,1.68,1.17,1.2020833333333334
8,20,0,2,26.2,1,0.29,1.23,1.1654166666666665
8,20,0,2,7.2,2,1.34,0.43,1.17
9,20,0,2,-3.9,5,0.75,1.63,1.1833333333333333
10,20,0,2,20.6,5,1.28,1.52,1.16875
11,20,0,2,30.9,2,1.17,0.45,1.1541666666666666
12,20,0,2,7.4,2,0.7,1.52,1.1645833333333335
13,20,0,2,33.9,1,0.9,0.78,1.13875
13,20,0,2,2.0,1,1.85,1.57,1.1833333333333333
14,20,0,2,2.8,5,0.28,0.55,1.1295833333333334
15,20,0,2,14.0,3,0.93,1.04,1.1454166666666665
16,20,0,2,31.0,2,0.67,1.82,1.1300000000000001
16,20,0,2,4.8,3,0.27,0.66,1.0654166666666667
17,20,0,2,22.4,2,0.47,1.23,1.0574999999999999
18,20,0,2,18.2,1,1.24,1.67,1.0579166666666666
18,20,0,2,34.1,4,1.92,0.76,1.0683333333333331
19,20,0,2,25.8,5,1.69,1.82,1.1070833333333334
19,20,0,2,28.2,5,1.0,0.65,1.0729166666666667
20,20,0,2,36.6,5,1.87,1.14,1.12375
20,20,0,2,33.1,4,0.23,1.63,1.0858333333333334
21,20,0,2,6.1,3,1.75,1.46,1.0908333333333333
21,20,0,2,11.1,1,0.48,0.76,1.05
21,20,0,2,37.4,4,1.36,1.68,1.075
21,20,0,2,8.3,4,0.49,1.68,1.0254166666666666
21,20,0,2,-8.4,5,0.35,0.29,0.9700000000000001
22,20,0,2,-3.8,1,1.1,1.34,1.00375
23,20,0,2,35.8,3,1.86,0.75,1.0254166666666666
23,20,0,2,27.1,5,1.21,1.28,1.0445833333333334
1,21,1,2,32.8,4,0.31,1.17,1.0041666666666667
5,21,1,2,30.5,2,0.98,0.7,0.99625
6,21,1,2,34.5,3,1.6,0.9,1.03375
7,21,1,2,7.3,5,0.69,1.85,1.0250000000000001
9,21,1,2,23.3,1,1.63,0.28,1.0158333333333334
9,21,1,2,-5.3,3,1.61,0.93,1.07125
10,21,1,2,-6.1,5,0.71,0.67,1.0620833333333335
10,21,1,2,-3.3,4,0.7,0.27,1.0633333333333332
13,21,1,2,36.3,1,1.69,0.47,1.1225
15,21,1,2,21.8,1,0.97,1.24,1.1433333333333333
15,21,1,2,19.1,4,1.55,1.92,1.15625
16,21,1,2,33.5,5,1.08,1.69,1.12125
16,21,1,2,15.0,5,0.42,1.0,1.0683333333333334
17,21,1,2,19.8,4,0.36,1.87,1.0416666666666667
17,21,1,2,-4.4,2,0.3,0.23,0.97625
18,21,1,2,21.3,4,0.59,1.75,0.99125
18,21,1,2,38.8,5,1.21,0.48,0.96875
18,21,1,2,23.9,5,0.22,1.36,0.9579166666666667
18,21,1,2,-0.8,3,0.75,0.49,0.9325
19,21,1,2,14.3,1,1.33,0.35,0.9674999999999999
20,21,1,2,9.6,3,0.78,1.1,0.9854166666666666
21,21,1,2,20.7,5,0.87,1.86,0.9758333333333334
21,21,1,2,36.9,3,1.95,1.21,0.9795833333333334
23,21,1,2,-4.2,3,1.62,0.31,0.9966666666666667
23,21,1,2,3.6,1,0.21,0.98,0.9925
0,22,2,2,-0.4,3,1.03,1.6,0.9945833333333334
0,22,2,2,9.0,1,1.98,0.69,1.0104166666666667
1,22,2,2,28.5,2,0.85,1.63,1.0170833333333333
3,22,2,2,-2.3,3,0.72,1.61,0.9791666666666666
3,22,2,2,8.2,2,1.63,0.71,0.98
4,22,2,2,20.8,5,1.04,0.7,0.99375
4,22,2,2,28.3,4,0.78,1.69,0.9970833333333333
4,22,2,2,10.8,1,0.89,0.97,0.96375
6,22,2,2,-9.9,2,0.56,1.55,0.9466666666666667
7,22,2,2,29.6,2,1.04,1.08,0.9254166666666667
7,22,2,2,31.9,3,1.83,0.42,0.9566666666666667
8,22,2,2,13.1,2,0.73,0.36,0.9695833333333334
9,22,2,2,4.8,4,0.57,0.3,0.9783333333333334
10,22,2,2,-2.7,5,0.53,0.59,0.9879166666666667
11,22,2,2,10.5,1,0.7,1.21,0.9925
14,22,2,2,-7.4,3,0.39,0.22,0.9583333333333334
14,22,2,2,19.2,1,0.8,0.75,0.9824999999999999
14,22,2,2,10.4,1,1.9,1.33,1.0304166666666668
15,22,2,2,35.5,5,1.04,0.78,1.0183333333333333
17,22,2,2,-6.3,1,0.52,0.87,1.0075
17,22,2,2,27.0,2,0.21,1.95,0.98
18,22,2,2,0.0,2,1.93,1.62,0.9791666666666666
18,22,2,2,34.6,3,1.05,0.21,0.9554166666666667
21,22,2,2,31.4,2,0.8,1.03,0.98
22,22,2,2,9.7,1,0.84,1.98,0.9720833333333334
23,22,2,2,0.5,2,1.58,0.85,0.9554166666666667
23,22,2,2,38.2,4,0.88,0.72,0.9566666666666666
0,23,3,2,7.1,5,0.42,1.63,0.9441666666666667
1,23,3,2,34.4,3,0.24,1.04,0.88625
4,23,3,2,8.5,5,1.48,0.78,0.9045833333333332
4,23,3,2,27.1,5,0.71,0.89,0.9016666666666667
5,23,3,2,5.0,5,1.29,0.56,0.9183333333333333
6,23,3,2,1.6,2,0.67,1.04,0.9229166666666667
7,23,3,2,19.4,3,0.37,1.83,0.8949999999999999
7,23,3,2,34.3,5,0.35,0.73,0.8333333333333334
8,23,3,2,25.7,3,1.79,0.57,0.8775
9,23,3,2,36.6,2,1.27,0.53,0.9066666666666666
12,23,3,2,22.0,1,1.12,0.7,0.9312499999999999
12,23,3,2,0.8,1,1.17,0.39,0.9508333333333333
13,23,3,2,12.9,4,0.36,0.8,0.9495833333333333
13,23,3,2,12.2,5,0.72,1.9,0.94625
14,23,3,2,21.1,1,1.08,1.04,0.9120833333333334
16,23,3,2,4.9,1,0.82,0.52,0.9029166666666667
18,23,3,2,3.4,2,1.37,0.21,0.9383333333333334
18,23,3,2,28.9,4,0.94,1.93,0.96875
19,23,3,2,11.3,2,1.66,1.05,0.9575
20,23,3,2,16.0,1,0.43,0.8,0.9316666666666666
21,23,3,2,4.7,1,0.35,0.84,0.9129166666666667
22,23,3,2,20.2,5,0.38,1.58,0.8937499999999999
22,23,3,2,37.5,1,1.51,0.88,0.8908333333333333
23,23,3,2,30.3,5,0.56,0.42,0.8775000000000001
1,24,4,2,35.9,4,1.32,0.24,0.915
2,24,4,2,36.2,1,1.23,1.48,0.9562500000000002
3,24,4,2,35.7,4,0.45,0.71,0.9133333333333334
3,24,4,2,29.2,2,1.49,1.29,0.9458333333333333
4,24,4,2,38.1,2,1.21,0.67,0.9425
8,24,4,2,19.2,1,0.67,0.37,0.9425
9,24,4,2,-2.4,2,0.44,0.35,0.9454166666666666
10,24,4,2,-2.2,2,1.72,1.79,1.0025000000000002
11,24,4,2,-0.9,1,0.64,1.27,0.9545833333333333
12,24,4,2,1.6,1,0.44,1.12,0.92
12,24,4,2,9.6,4,0.26,1.17,0.8841666666666668
14,24,4,2,37.5,3,1.67,0.36,0.9049999999999999
15,24,4,2,19.7,1,0.76,0.72,0.9216666666666667
16,24,4,2,-1.2,3,1.96,1.08,0.9733333333333333
16,24,4,2,32.2,2,1.36,0.82,0.985
17,24,4,2,17.2,1,1.48,1.37,1.0125
17,24,4,2,-4.9,3,1.42,0.94,1.0145833333333334
17,24,4,2,15.5,1,0.44,1.66,0.99375
17,24,4,2,31.9,2,1.55,0.43,0.9891666666666666
17,24,4,2,11.4,2,1.51,0.35,1.0341666666666667
18,24,4,2,0.5,4,0.39,0.38,1.0358333333333334
18,24,4,2,-1.5,2,0.99,1.51,1.06125
19,24,4,2,28.3,2,1.1,0.56,1.0441666666666667
19,24,4,2,-0.2,3,0.9,1.32,1.0583333333333333
20,24,4,2,33.3,5,1.81,1.23,1.07875
21,24,4,2,13.4,2,0.99,0.45,1.0687499999999999
21,24,4,2,20.1,2,0.46,1.49,1.0691666666666666
22,24,4,2,38.9,5,0.47,1.21,1.0266666666666666
23,24,4,2,12.3,3,0.86,0.67,1.0120833333333332
23,24,4,2,-2.0,3,0.8,0.44,1.0174999999999998
1,25,5,2,9.0,3,0.22,1.72,1.0083333333333333
1,25,5,2,20.8,3,0.66,0.64,0.9641666666666665
1,25,5,2,19.5,5,1.15,0.44,0.9854166666666667
4,25,5,2,14.8,1,0.33,0.26,0.9808333333333333
5,25,5,2,5.3,3,1.7,1.67,1.0408333333333333
5,25,5,2,26.6,4,1.34,0.76,1.0270833333333333
5,25,5,2,25.7,1,1.55,1.96,1.0599999999999998
5,25,5,2,3.1,2,1.67,1.36,1.0479166666666668
7,25,5,2,39.0,3,1.53,1.48,1.055
10,25,5,2,25.6,2,0.49,1.42,1.0137500000000002
11,25,5,2,25.9,5,0.4,0.44,0.97125
12,25,5,2,16.6,4,0.27,1.55,0.9641666666666665
12,25,5,2,-4.5,1,1.67,1.51,0.9691666666666667
13,25,5,2,10.7,5,0.59,0.39,0.9308333333333333
16,25,5,2,25.1,3,0.68,0.99,0.9429166666666666
19,25,5,2,4.8,5,0.8,1.1,0.935
19,25,5,2,11.3,2,1.11,0.9,0.9354166666666667
19,25,5,2,17.9,4,1.79,1.81,0.9725
20,25,5,2,14.7,3,1.55,0.99,0.9616666666666666
20,25,5,2,35.5,2,0.9,0.46,0.9579166666666667
21,25,5,2,-4.7,1,1.08,0.47,0.98375
21,25,5,2,12.0,2,1.23,0.86,1.0154166666666666
21,25,5,2,39.8,5,1.82,0.8,1.0554166666666667
21,25,5,2,2.1,4,0.66,0.22,1.0495833333333333
23,25,5,2,17.5,4,1.68,0.66,1.1104166666666668
0,26,6,2,16.0,3,1.45,1.15,1.1433333333333333
1,26,6,2,32.4,2,1.25,0.33,1.1475
1,26,6,2,14.4,4,0.53,1.7,1.1558333333333335
1,26,6,2,7.4,4,1.97,1.34,1.1670833333333335
3,26,6,2,3.9,4,1.23,1.55,1.1625
4,26,6,2,24.8,4,1.95,1.67,1.1791666666666667
5,26,6,2,18.6,5,0.4,1.53,1.12625
5,26,6,2,7.4,3,1.14,0.49,1.11
6,26,6,2,11.2,1,0.5,0.4,1.1104166666666666
7,26,6,2,-7.8,3,0.88,0.27,1.1304166666666668
8,26,6,2,33.8,2,1.62,1.67,1.1866666666666668
9,26,6,2,11.1,3,1.12,0.59,1.16375
10,26,6,2,-8.2,4,1.35,0.68,1.1954166666666668
10,26,6,2,37.1,3,0.36,0.8,1.1820833333333334
11,26,6,2,-9.8,2,0.26,1.11,1.1595833333333334
11,26,6,2,22.1,3,1.05,1.79,1.1570833333333332
12,26,6,2,13.9,3,0.34,1.55,1.0966666666666667
12,26,6,2,34.9,2,0.44,0.9,1.0504166666666668
12,26,6,2,9.0,4,0.5,1.08,1.03375
16,26,6,2,-3.5,4,0.91,1.23,1.0266666666666666
16,26,6,2,-6.9,4,1.75,1.82,1.0483333333333333
17,26,6,2,25.4,2,0.94,0.66,1.0116666666666667
17,26,6,2,26.4,4,0.96,1.68,1.0241666666666667
17,26,6,2,-0.6,2,0.7,1.45,0.9833333333333334
21,26,6,2,38.2,1,0.93,1.25,0.9616666666666668
21,26,6,2,21.2,1,1.15,0.53,0.9575
21,26,6,2,5.9,5,0.87,1.97,0.9716666666666667
21,26,6,2,31.6,3,0.28,1.23,0.90125
22,26,6,2,38.0,4,1.34,1.95,0.9058333333333334
22,26,6,2,-6.6,3,0.4,0.4,0.84125
23,26,6,2,6.5,2,0.62,1.14,0.8504166666666667
23,26,6,2,-5.6,1,1.45,0.5,0.8633333333333334
0,27,0,2,-0.8,5,1.16,0.88,0.8908333333333333
1,27,0,2,17.6,1,0.36,1.62,0.8691666666666666
1,27,0,2,32.1,1,0.79,1.12,0.8345833333333333
2,27,0,2,1.5,2,0.66,1.35,0.8154166666666667
3,27,0,2,35.8,1,0.84,0.36,0.7941666666666666
3,27,0,2,30.6,2,0.84,0.26,0.8141666666666666
3,27,0,2,-7.5,1,1.88,1.05,0.8816666666666665
4,27,0,2,24.0,5,0.85,0.34,0.8733333333333334
6,27,0,2,30.1,4,0.38,0.44,0.875
7,27,0,2,30.5,5,2.0,0.5,0.94
9,27,0,2,27.6,3,0.97,0.91,0.9595833333333333
9,27,0,2,1.7,2,1.5,1.75,0.9841666666666667
11,27,0,2,-4.5,2,0.5,0.94,0.9320833333333334
11,27,0,2,-9.7,1,1.78,0.96,0.9670833333333332
12,27,0,2,28.0,1,1.08,0.7,0.9720833333333334
12,27,0,2,19.4,5,1.15,0.93,0.9908333333333332
12,27,0,2,33.8,5,1.27,1.15,1.005
13,27,0,2,6.4,3,1.44,0.87,1.0170833333333333
13,27,0,2,27.8,4,0.8,0.28,1.0141666666666667
15,27,0,2,29.4,2,1.86,1.34,1.08
15,27,0,2,34.2,2,0.47,0.4,1.04375
16,27,0,2,4.0,5,1.62,0.62,1.0945833333333332
17,27,0,2,26.2,5,1.44,1.45,1.12875
17,27,0,2,21.5,4,0.57,1.16,1.0920833333333333
18,27,0,2,1.3,2,1.13,0.36,1.0908333333333333
20,27,0,2,12.7,3,0.84,0.79,1.1108333333333333
20,27,0,2,22.5,4,0.56,0.66,1.10125
20,27,0,2,2.8,5,0.24,0.84,1.08375
23,27,0,2,10.3,4,0.22,0.84,1.0579166666666666
0,28,1,2,15.2,4,0.91,1.88,1.0608333333333333
1,28,1,2,19.0,3,1.65,0.85,1.05125
3,28,1,2,9.4,2,1.98,0.38,1.0983333333333334
3,28,1,2,-9.3,4,0.51,2.0,1.10375
4,28,1,2,31.5,1,0.45,0.97,1.0391666666666668
6,28,1,2,26.9,4,1.52,1.5,1.0620833333333333
6,28,1,2,4.9,5,0.87,0.5,1.0358333333333334
6,28,1,2,34.8,5,1.42,1.78,1.0741666666666665
7,28,1,2,38.9,5,0.75,1.08,1.03125
7,28,1,2,2.5,4,0.7,1.15,1.0154166666666666
9,28,1,2,-6.6,3,0.55,1.27,0.9904166666666666
10,28,1,2,13.4,5,1.04,1.44,0.9808333333333333
12,28,1,2,29.1,5,0.52,0.8,0.9425
12,28,1,2,34.2,3,1.08,1.86,0.9541666666666666
14,28,1,2,24.0,1,1.66,0.47,0.9458333333333333
14,28,1,2,-3.6,3,0.67,1.62,0.9541666666666667
14,28,1,2,25.1,1,1.42,1.44,0.9458333333333333
15,28,1,2,-0.1,5,0.66,0.57,0.9133333333333332
17,28,1,2,-4.2,4,1.86,1.13,0.9670833333333334
18,28,1,2,13.4,2,0.66,0.84,0.9474999999999999
19,28,1,2,-3.6,4,1.51,0.56,0.9754166666666667
19,28,1,2,28.7,1,1.22,0.24,1.0029166666666667
20,28,1,2,25.7,4,1.72,0.22,1.0645833333333332
20,28,1,2,27.2,4,0.75,0.91,1.0866666666666667
21,28,1,2,1.0,4,1.03,1.65,1.0916666666666666
21,28,1,2,3.2,2,0.59,1.98,1.0475
23,28,1,2,27.8,5,0.83,0.51,0.9995833333333334
23,28,1,2,4.5,2,0.4,0.45,0.995
0,1,2,3,5.5,3,1.8,1.52,1.05125
0,1,2,3,6.1,4,0.63,0.87,1.0141666666666667
0,1,2,3,-6.0,3,1.35,1.42,1.0341666666666667
0,1,2,3,11.1,4,1.1,0.75,1.0208333333333333
0,1,2,3,38.6,2,0.22,0.7,0.9987500000000001
0,1,2,3,27.7,4,1.86,0.55,1.0470833333333334
0,1,2,3,1.8,4,0.36,1.04,1.0391666666666668
0,1,2,3,0.1,4,1.28,0.52,1.0491666666666666
1,1,2,3,36.7,3,0.2,1.08,1.0358333333333334
1,1,2,3,5.4,2,1.49,1.66,1.0529166666666667
2,1,2,3,-7.6,2,0.3,0.67,0.99625
3,1,2,3,14.3,5,1.71,1.42,1.0395833333333333
7,1,2,3,30.7,3,0.66,0.66,1.0079166666666668
7,1,2,3,3.2,4,1.03,1.86,1.0233333333333334
9,1,2,3,6.8,5,0.81,0.66,0.9795833333333334
9,1,2,3,25.0,4,1.26,1.51,1.0045833333333334
10,1,2,3,34.8,2,1.72,1.22,1.0133333333333334
11,1,2,3,0.9,1,1.78,1.72,1.0366666666666666
14,1,2,3,-6.6,2,1.2,0.75,1.0150000000000001
14,1,2,3,39.6,1,1.33,1.03,1.0391666666666668
15,1,2,3,-1.0,4,0.88,0.59,1.0329166666666667
16,1,2,3,27.4,1,0.66,0.83,1.0358333333333334
17,1,2,3,-8.5,4,1.83,0.4,1.0775
17,1,2,3,23.2,2,1.3,1.8,1.115
18,1,2,3,31.6,1,0.57,0.63,1.06375
21,1,2,3,-5.3,1,0.27,1.35,1.04875
21,1,2,3,1.7,3,0.7,1.1,1.0216666666666667
21,1,2,3,-7.7,3,0.5,0.22,0.9966666666666667
22,1,2,3,26.9,1,1.87,1.86,1.0654166666666667
23,1,2,3,11.8,3,0.72,0.36,1.0179166666666666
23,1,2,3,16.0,2,0.97,1.28,1.0433333333333332
23,1,2,3,19.7,2,0.25,0.2,1.0004166666666665
0,2,3,3,16.3,4,0.69,1.49,1.0208333333333333
0,2,3,3,37.4,4,1.49,0.3,1.0208333333333333
2,2,3,3,23.8,4,0.79,1.71,1.04125
2,2,3,3,-1.8,5,1.48,0.66,1.0316666666666665
2,2,3,3,19.5,1,0.58,1.03,1.0283333333333333
3,2,3,3,1.7,1,1.53,0.81,1.0491666666666666
3,2,3,3,8.0,1,1.57,1.26,1.0808333333333333
3,2,3,3,28.2,1,0.28,1.72,1.04
4,2,3,3,16.2,3,1.99,1.78,1.05125
5,2,3,3,36.8,2,1.49,1.2,1.0391666666666668
5,2,3,3,16.2,2,0.8,1.33,1.0225
5,2,3,3,27.3,5,1.79,0.88,1.0416666666666667
6,2,3,3,12.3,1,1.77,0.66,1.07875
11,2,3,3,3.2,4,0.23,1.83,1.0608333333333333
13,2,3,3,21.7,1,1.01,1.3,1.0266666666666666
13,2,3,3,25.9,4,1.25,0.57,1.0245833333333334
13,2,3,3,-1.2,3,1.65,0.27,1.0695833333333333
14,2,3,3,-0.7,4,1.76,0.7,1.1316666666666666
14,2,3,3,11.9,5,0.66,0.5,1.1300000000000001
14,2,3,3,18.8,3,0.25,1.87,1.1195833333333334
14,2,3,3,28.9,2,1.49,0.72,1.10375
14,2,3,3,39.5,3,0.66,0.97,1.10125
15,2,3,3,26.8,3,0.32,0.25,1.0741666666666667
15,2,3,3,8.0,4,0.8,0.69,1.0970833333333334
15,2,3,3,-8.2,4,1.8,1.49,1.1433333333333333
17,2,3,3,11.6,1,1.53,0.79,1.145
19,2,3,3,8.5,3,1.72,1.48,1.18375
19,2,3,3,3.1,4,1.61,0.58,1.1891666666666667
22,2,3,3,13.4,1,1.1,1.53,1.2108333333333332
0,3,4,3,1.2,2,1.35,1.57,1.2033333333333334
1,3,4,3,13.4,4,1.47,0.28,1.1991666666666665
1,3,4,3,-4.3,5,0.46,1.99,1.2066666666666668
2,3,4,3,18.6,2,0.46,1.49,1.1429166666666666
2,3,4,3,30.1,3,0.63,0.8,1.1070833333333334
2,3,4,3,-0.5,5,0.4,1.79,1.0904166666666668
3,3,4,3,-5.2,4,0.63,1.77,1.0420833333333335
4,3,4,3,2.6,5,1.56,0.23,1.0333333333333334
4,3,4,3,7.3,3,0.69,1.01,1.0525
4,3,4,3,6.0,4,0.55,1.25,1.0333333333333334
5,3,4,3,-8.3,4,0.42,1.65,0.9987499999999999
6,3,4,3,-7.5,3,1.75,1.76,1.0029166666666667
6,3,4,3,18.7,3,1.68,0.66,0.9995833333333333
8,3,4,3,25.5,2,0.45,0.25,0.9908333333333332
10,3,4,3,-0.6,5,0.26,1.49,0.99125
11,3,4,3,-3.1,5,1.79,0.66,1.00375
12,3,4,3,17.9,5,1.81,0.32,1.0516666666666667
12,3,4,3,23.8,1,1.4,0.8,1.0966666666666667
12,3,4,3,-5.6,2,0.32,1.8,1.0766666666666667
14,3,4,3,21.7,5,0.95,1.53,1.04125
15,3,4,3,13.5,2,1.55,1.72,1.0420833333333335
15,3,4,3,11.0,4,1.19,1.61,1.02
16,3,4,3,22.9,5,0.83,1.1,0.9874999999999999
18,3,4,3,2.2,4,1.58,1.35,1.0075
19,3,4,3,12.9,2,0.73,1.47,0.9816666666666666
21,3,4,3,35.8,5,1.8,0.46,0.9954166666666667
21,3,4,3,-5.6,5,0.3,0.46,0.98875
22,3,4,3,37.8,3,1.3,0.63,1.02375
22,3,4,3,36.5,5,1.21,0.4,1.0479166666666668
23,3,4,3,17.9,1,0.86,0.63,1.0670833333333334
0,4,5,3,30.2,5,1.54,1.56,1.105
3,4,5,3,3.8,2,1.27,0.69,1.0929166666666668
3,4,5,3,11.7,2,1.67,0.55,1.13375
4,4,5,3,0.1,3,0.54,0.42,1.1333333333333333
4,4,5,3,8.5,4,1.22,1.75,1.1666666666666667
5,4,5,3,30.7,3,0.52,1.68,1.1154166666666667
6,4,5,3,22.3,1,1.58,0.45,1.11125
7,4,5,3,8.0,5,1.75,0.26,1.1654166666666668
8,4,5,3,-2.3,5,1.49,1.79,1.2166666666666666
9,4,5,3,17.7,1,0.68,1.81,1.1704166666666667
11,4,5,3,-9.6,2,1.65,1.4,1.16375
12,4,5,3,34.5,3,0.28,0.32,1.1170833333333332
13,4,5,3,10.0,1,1.6,0.95,1.1704166666666667
13,4,5,3,39.0,4,0.3,1.55,1.1433333333333333
14,4,5,3,3.5,1,1.67,1.19,1.1483333333333332
16,4,5,3,21.6,2,0.76,0.83,1.1304166666666666
17,4,5,3,15.8,2,0.51,1.58,1.1170833333333334
17,4,5,3,39.6,4,1.79,0.73,1.1258333333333335
19,4,5,3,26.1,1,1.2,1.8,1.1454166666666667
19,4,5,3,6.4,3,1.01,0.3,1.1125
20,4,5,3,17.0,4,1.42,1.3,1.1591666666666667
21,4,5,3,-9.4,2,1.45,1.21,1.1654166666666665
22,4,5,3,2.5,5,1.53,0.86,1.17875
22,4,5,3,7.8,5,1.87,1.54,1.2208333333333334
1,5,6,3,38.5,4,0.99,1.27,1.1979166666666667
2,5,6,3,26.0,4,1.37,1.67,1.2020833333333334
2,5,6,3,27.1,3,1.14,0.54,1.18
2,5,6,3,12.2,4,1.6,1.22,1.2241666666666666
3,5,6,3,-4.7,3,1.66,0.52,1.2425
4,5,6,3,0.0,4,0.7,1.58,1.25
5,5,6,3,18.1,5,0.54,1.75,1.2066666666666668
6,5,6,3,13.5,2,1.92,1.49,1.2137499999999999
6,5,6,3,-6.8,2,0.39,0.68,1.1679166666666667
7,5,6,3,28.4,4,0.72,1.65,1.1695833333333334
7,5,6,3,-7.0,1,0.65,0.28,1.1279166666666667
7,5,6,3,17.6,3,1.73,1.6,1.1883333333333335
7,5,6,3,29.4,1,1.71,0.3,1.1929166666666666
8,5,6,3,28.5,1,1.94,1.67,1.26125
8,5,6,3,18.0,3,0.73,0.76,1.2220833333333334
10,5,6,3,29.4,2,1.62,0.51,1.2579166666666668
11,5,6,3,-2.6,2,1.46,1.79,1.2974999999999999
11,5,6,3,3.4,3,1.02,1.2,1.2654166666666666
13,5,6,3,34.9,3,1.41,1.01,1.2741666666666667
13,5,6,3,-4.7,2,0.79,1.42,1.2650000000000001
15,5,6,3,29.5,1,1.23,1.45,1.2570833333333333
15,5,6,3,7.5,5,0.5,1.53,1.2175
16,5,6,3,33.4,5,0.65,1.87,1.1808333333333334
18,5,6,3,14.3,2,1.06,0.99,1.1470833333333332
19,5,6,3,-8.4,3,0.23,1.37,1.1154166666666667
20,5,6,3,26.4,3,1.68,1.14,1.1283333333333332
21,5,6,3,15.1,2,1.01,1.6,1.1229166666666666
22,5,6,3,-5.5,5,0.39,1.66,1.0725
22,5,6,3,4.0,2,0.6,0.7,1.0283333333333333
22,5,6,3,38.1,2,0.76,0.54,1.0308333333333335
23,5,6,3,6.5,5,1.49,1.92,1.0704166666666666
0,6,0,3,17.8,5,0.97,0.39,1.0308333333333335
1,6,0,3,12.6,3,0.71,0.72,1.0441666666666667
1,6,0,3,18.4,1,1.29,0.65,1.0679166666666668
3,6,0,3,39.7,3,0.76,1.73,1.0725
4,6,0,3,26.0,2,1.09,1.71,1.0458333333333332
5,6,0,3,1.8,2,0.46,1.94,0.99375
6,6,0,3,18.2,1,0.93,0.73,0.9516666666666667
6,6,0,3,24.0,2,1.91,1.62,1.0008333333333332
7,6,0,3,12.8,5,1.71,1.46,1.0045833333333334
8,6,0,3,2.8,4,0.59,1.02,0.9683333333333334
9,6,0,3,-6.3,1,0.25,1.41,0.9362500000000001
11,6,0,3,4.8,4,0.44,0.79,0.8958333333333334
12,6,0,3,11.9,3,1.18,1.23,0.9120833333333332
13,6,0,3,3.2,5,1.22,0.5,0.9116666666666666
13,6,0,3,18.0,3,1.23,0.65,0.9420833333333335
14,6,0,3,1.9,3,1.34,1.06,0.9708333333333333
16,6,0,3,25.0,3,0.41,0.23,0.9437500000000001
16,6,0,3,8.4,2,0.91,1.68,0.9720833333333334
18,6,0,3,35.0,5,0.25,1.01,0.9125000000000001
19,6,0,3,34.8,1,0.73,0.39,0.9008333333333333
19,6,0,3,-6.4,4,0.5,0.6,0.9054166666666665
20,6,0,3,15.3,3,0.5,0.76,0.9012500000000001
20,6,0,3,35.3,4,0.32,1.49,0.8829166666666666
20,6,0,3,1.7,1,1.89,0.97,0.8995833333333333
20,6,0,3,24.1,4,1.75,0.71,0.9320833333333333
21,6,0,3,14.5,4,0.85,1.29,0.9379166666666667
21,6,0,3,33.3,1,1.4,0.76,0.9424999999999999
21,6,0,3,11.7,5,0.77,1.09,0.9429166666666666
21,6,0,3,9.5,2,1.8,0.46,0.9725
21,6,0,3,16.8,2,0.98,0.93,0.9941666666666666
21,6,0,3,-4.8,4,0.91,1.91,0.9933333333333333
21,6,0,3,-7.9,5,1.53,1.71,0.9775
23,6,0,3,31.1,1,1.72,0.59,0.9779166666666667
23,6,0,3,11.9,2,0.78,0.25,0.9858333333333333
1,7,1,3,18.7,4,1.45,0.44,1.0358333333333334
1,7,1,3,18.2,5,1.67,1.18,1.0870833333333334
2,7,1,3,7.2,2,1.11,1.22,1.0841666666666667
3,7,1,3,0.5,4,1.81,1.23,1.10875
3,7,1,3,7.8,4,1.99,1.34,1.1404166666666666
4,7,1,3,-8.1,1,1.36,0.41,1.14125
5,7,1,3,3.3,4,1.95,0.91,1.2054166666666666
6,7,1,3,9.9,1,1.23,0.25,1.21875
6,7,1,3,19.2,5,0.45,0.73,1.2270833333333333
7,7,1,3,33.9,1,0.89,0.5,1.23375
8,7,1,3,1.6,4,0.51,0.5,1.2341666666666666
9,7,1,3,2.3,3,0.89,0.32,1.2504166666666665
9,7,1,3,27.1,1,1.14,1.89,1.2845833333333334
10,7,1,3,20.2,1,0.8,1.75,1.2391666666666667
13,7,1,3,-0.3,4,1.76,0.85,1.2395833333333333
15,7,1,3,24.2,4,1.03,1.4,1.2470833333333333
15,7,1,3,-5.7,1,1.12,0.77,1.2354166666666668
16,7,1,3,26.8,1,0.27,1.8,1.2145833333333333
18,7,1,3,2.1,3,1.24,0.98,1.19125
18,7,1,3,18.0,5,1.21,0.91,1.2008333333333334
20,7,1,3,-9.7,5,0.58,1.53,1.1870833333333335
20,7,1,3,-5.0,2,0.76,1.72,1.155
21,7,1,3,-7.9,3,1.14,0.78,1.1308333333333334
21,7,1,3,8.3,5,1.45,1.45,1.15875
22,7,1,3,25.7,1,1.66,1.67,1.1675
23,7,1,3,39.2,4,0.9,1.11,1.1354166666666667
23,7,1,3,32.6,3,0.59,1.81,1.11375
23,7,1,3,32.9,1,0.9,1.99,1.0758333333333334
23,7,1,3,-7.4,3,0.68,1.36,1.02125
1,8,2,3,38.5,1,1.47,1.95,1.0258333333333332
1,8,2,3,9.1,2,0.43,1.23,0.9624999999999999
1,8,2,3,-6.1,5,1.99,0.45,0.9941666666666666
1,8,2,3,0.2,4,1.43,0.89,1.035
2,8,2,3,-8.9,4,0.86,0.51,1.03375
4,8,2,3,33.0,5,1.79,0.89,1.0870833333333334
6,8,2,3,-4.8,5,1.92,1.14,1.1300000000000001
7,8,2,3,40.0,5,0.39,0.8,1.0987500000000001
8,8,2,3,36.3,3,1.81,1.76,1.1408333333333334
9,8,2,3,35.5,1,1.2,1.03,1.1175
9,8,2,3,8.0,4,1.32,1.12,1.1295833333333334
9,8,2,3,4.0,2,1.93,0.27,1.1633333333333333
10,8,2,3,3.3,2,1.32,1.24,1.2070833333333333
10,8,2,3,31.1,1,0.99,1.21,1.1966666666666668
11,8,2,3,2.4,1,0.65,0.58,1.1733333333333333
12,8,2,3,-0.9,4,0.52,0.76,1.1708333333333332
13,8,2,3,4.8,4,0.24,1.14,1.1491666666666667
13,8,2,3,30.0,4,1.52,1.45,1.165
14,8,2,3,2.7,5,0.2,1.66,1.1129166666666668
17,8,2,3,5.5,5,1.41,0.9,1.1025
18,8,2,3,14.4,2,0.36,0.59,1.0799999999999998
19,8,2,3,13.4,2,0.76,0.9,1.0870833333333334
19,8,2,3,27.2,2,1.2,0.68,1.0995833333333334
20,8,2,3,12.8,4,0.35,1.47,1.0858333333333332
21,8,2,3,-6.7,5,0.54,0.43,1.0470833333333334
22,8,2,3,32.5,4,1.22,1.99,1.08
22,8,2,3,28.8,5,1.86,1.43,1.0745833333333332
22,8,2,3,33.1,3,0.22,0.86,1.0241666666666667
22,8,2,3,-8.0,4,0.48,1.79,1.0083333333333333
23,8,2,3,31.2,4,1.33,1.92,0.9891666666666667
0,9,3,3,26.0,2,0.58,0.39,0.9333333333333332
3,9,3,3,-2.8,1,0.41,1.81,0.9341666666666666
3,9,3,3,37.4,5,1.34,1.2,0.9145833333333333
4,9,3,3,-8.3,1,1.1,1.32,0.9104166666666668
5,9,3,3,28.2,4,1.64,1.93,0.9237500000000001
5,9,3,3,14.9,2,0.54,1.32,0.8658333333333333
6,9,3,3,3.6,5,1.97,0.99,0.8929166666666667
7,9,3,3,39.6,2,0.83,0.65,0.88625
8,9,3,3,9.1,5,0.77,0.52,0.89125
8,9,3,3,1.0,1,1.5,0.24,0.9320833333333334
8,9,3,3,6.7,5,0.57,1.52,0.9458333333333333
14,9,3,3,-2.5,2,1.31,0.2,0.9370833333333333
15,9,3,3,33.8,1,0.81,1.41,0.9625
17,9,3,3,27.4,5,1.21,0.36,0.9541666666666666
19,9,3,3,2.7,4,0.37,0.76,0.9545833333333333
19,9,3,3,17.5,2,0.29,1.2,0.9349999999999999
20,9,3,3,35.0,3,0.49,0.35,0.9054166666666666
21,9,3,3,-5.0,4,1.53,0.54,0.9545833333333333
21,9,3,3,-7.5,3,1.86,1.22,1.0095833333333333
21,9,3,3,12.3,4,0.59,1.86,0.9833333333333334
21,9,3,3,21.1,2,1.49,0.22,0.9679166666666666
22,9,3,3,9.4,4,1.65,0.48,1.0275
22,9,3,3,24.7,2,0.53,1.33,1.0295833333333333
23,9,3,3,36.9,4,0.75,0.58,1.0054166666666666
23,9,3,3,-8.2,2,1.63,0.41,1.0491666666666666
0,10,4,3,-6.9,5,1.59,1.34,1.0983333333333334
2,10,4,3,-1.7,5,1.65,1.1,1.11125
2,10,4,3,-2.3,4,0.58,1.64,1.0895833333333333
3,10,4,3,22.5,2,0.92,0.54,1.0595833333333333
5,10,4,3,17.6,4,1.38,1.97,1.0945833333333332
6,10,4,3,13.6,3,0.95,0.83,1.0520833333333333
6,10,4,3,24.7,5,0.4,0.77,1.0341666666666667
6,10,4,3,33.3,5,1.42,1.5,1.06125
7,10,4,3,-9.2,5,1.24,0.57,1.0504166666666668
7,10,4,3,35.3,5,0.77,1.31,1.05875
7,10,4,3,17.9,1,0.39,0.81,1.0204166666666667
7,10,4,3,-7.7,5,0.53,1.21,1.0087499999999998
8,10,4,3,29.0,4,1.27,0.37,1.01125
8,10,4,3,-4.8,4,0.45,0.29,1.0145833333333334
9,10,4,3,26.2,1,0.76,0.49,1.0341666666666667
9,10,4,3,0.2,1,1.69,1.53,1.0841666666666667
10,10,4,3,31.8,4,1.51,1.86,1.0833333333333333
11,10,4,3,30.3,2,0.43,0.59,1.02375
12,10,4,3,22.4,3,0.76,1.49,1.0308333333333333
14,10,4,3,19.9,3,0.81,1.65,1.0025
14,10,4,3,11.3,1,0.21,0.53,0.9425
14,10,4,3,16.1,3,1.6,0.75,0.9870833333333334
15,10,4,3,30.2,2,1.1,1.63,1.0016666666666667
15,10,4,3,40.0,4,1.55,1.59,0.9983333333333334
15,10,4,3,5.8,3,1.23,1.65,0.9833333333333334
16,10,4,3,-8.4,5,1.37,0.58,0.9716666666666667
16,10,4,3,21.4,4,0.41,0.92,0.9645833333333335
17,10,4,3,17.5,3,0.74,1.38,0.9570833333333333
17,10,4,3,14.4,1,0.55,0.95,0.9225
17,10,4,3,-2.0,1,0.68,0.4,0.91125
18,10,4,3,2.9,3,0.74,1.42,0.9254166666666666
18,10,4,3,19.8,5,1.59,1.24,0.9325000000000001
20,10,4,3,29.3,4,1.97,0.77,0.9629166666666666
20,10,4,3,-7.5,4,1.0,0.39,0.9725
22,10,4,3,19.0,1,0.74,0.53,0.9870833333333332
23,10,4,3,30.8,1,1.5,1.27,1.0275
23,10,4,3,1.1,5,1.3,0.45,1.02875
1,11,5,3,14.6,5,1.72,0.76,1.0816666666666666
2,11,5,3,10.0,2,0.81,1.69,1.08375
2,11,5,3,-9.0,2,0.75,1.51,1.0445833333333334
2,11,5,3,-6.3,3,1.47,0.43,1.0429166666666667
2,11,5,3,22.5,4,1.96,0.76,1.1066666666666667
4,11,5,3,31.1,1,1.85,0.81,1.1520833333333333
6,11,5,3,-4.0,2,1.56,0.21,1.1833333333333333
7,11,5,3,13.4,2,1.98,1.6,1.2570833333333333
7,11,5,3,25.5,5,1.76,1.1,1.26375
9,11,5,3,22.2,4,0.5,1.55,1.23875
9,11,5,3,38.3,5,0.4,1.23,1.1908333333333334
10,11,5,3,20.7,1,1.32,1.37,1.1945833333333333
11,11,5,3,22.3,5,0.89,0.41,1.1745833333333333
12,11,5,3,37.9,2,0.86,0.74,1.1933333333333334
12,11,5,3,22.8,4,0.62,0.55,1.1883333333333332
15,11,5,3,30.2,3,1.39,0.68,1.2233333333333334
15,11,5,3,24.4,3,1.94,0.74,1.2758333333333334
16,11,5,3,9.2,2,0.36,1.59,1.26
18,11,5,3,-6.1,2,1.73,1.97,1.2658333333333334
18,11,5,3,4.5,3,1.27,1.0,1.2366666666666666
19,11,5,3,9.2,3,1.16,0.74,1.2433333333333334
19,11,5,3,4.0,2,1.65,1.5,1.28125
21,11,5,3,1.7,5,0.28,1.3,1.2304166666666667
22,11,5,3,26.3,1,0.93,1.72,1.215
22,11,5,3,36.7,3,1.73,0.81,1.2154166666666668
22,11,5,3,19.7,2,0.57,0.75,1.2054166666666666
0,12,6,3,-5.2,2,1.22,1.47,1.2249999999999999
1,12,6,3,32.9,2,1.65,1.96,1.2325
1,12,6,3,28.1,2,1.97,1.85,1.2329166666666667
2,12,6,3,35.9,1,0.86,1.56,1.1916666666666667
3,12,6,3,29.3,3,1.12,1.98,1.1733333333333333
3,12,6,3,-7.9,5,0.94,1.76,1.13
4,12,6,3,-6.8,1,1.34,0.5,1.1125
5,12,6,3,5.9,3,0.51,0.4,1.1129166666666668
5,12,6,3,17.5,1,1.19,1.32,1.1458333333333333
6,12,6,3,5.6,4,0.79,0.89,1.12375
7,12,6,3,15.5,3,1.9,0.86,1.1658333333333333
11,12,6,3,26.7,3,0.21,0.62,1.13875
11,12,6,3,33.3,2,0.36,1.39,1.1279166666666667
11,12,6,3,17.1,1,1.87,1.94,1.1479166666666667
11,12,6,3,10.0,5,0.28,0.36,1.07875
12,12,6,3,32.6,2,0.32,1.73,1.0770833333333332
13,12,6,3,0.5,1,1.27,1.27,1.0579166666666666
15,12,6,3,12.2,4,1.26,1.16,1.0574999999999999
18,12,6,3,25.4,5,1.56,1.65,1.0741666666666667
19,12,6,3,-4.0,5,1.82,0.28,1.08125
20,12,6,3,20.7,1,1.83,0.93,1.1458333333333333
20,12,6,3,17.5,1,0.71,1.73,1.1366666666666667
20,12,6,3,-9.8,5,0.29,0.57,1.0766666666666667
21,12,6,3,5.7,2,0.35,1.22,1.0675000000000001
21,12,6,3,11.1,5,0.5,1.65,1.0375
23,12,6,3,6.9,4,0.24,1.97,0.9787499999999999
0,13,0,3,11.6,3,0.3,0.86,0.9091666666666667
1,13,0,3,33.4,4,1.07,1.12,0.9179166666666667
2,13,0,3,11.1,4,1.73,0.94,0.9433333333333334
2,13,0,3,10.0,3,1.54,1.34,0.9683333333333334
2,13,0,3,11.3,2,0.37,0.51,0.9279166666666668
3,13,0,3,39.6,2,0.44,1.19,0.9249999999999999
3,13,0,3,4.9,4,0.26,0.79,0.88625
3,13,0,3,11.3,2,1.72,1.9,0.9249999999999999
6,13,0,3,17.4,4,0.65,0.21,0.8729166666666668
6,13,0,3,24.6,5,1.97,0.36,0.94625
6,13,0,3,2.0,4,0.85,1.87,0.9666666666666667
7,13,0,3,28.2,3,0.74,0.28,0.9195833333333333
7,13,0,3,-7.5,4,1.46,0.32,0.96875
8,13,0,3,14.6,5,1.89,1.27,1.0341666666666667
8,13,0,3,-1.1,5,1.4,1.26,1.0395833333333333
10,13,0,3,31.2,5,1.24,1.56,1.03875
13,13,0,3,1.8,5,0.42,1.82,0.99125
14,13,0,3,18.7,4,0.37,1.83,0.9308333333333332
16,13,0,3,19.2,1,1.47,0.71,0.9158333333333334
16,13,0,3,21.3,5,1.61,0.29,0.9533333333333333
17,13,0,3,2.6,1,1.18,0.35,0.9904166666666666
19,13,0,3,2.5,5,1.05,0.5,1.0195833333333333
19,13,0,3,34.3,5,1.58,0.24,1.0645833333333332
21,13,0,3,29.7,2,0.41,0.3,1.0716666666666665
21,13,0,3,23.3,2,1.84,1.07,1.1358333333333333
21,13,0,3,-5.8,1,1.51,1.73,1.1541666666666666
21,13,0,3,-6.2,1,0.21,1.54,1.0908333333333333
22,13,0,3,13.9,1,0.83,0.37,1.06125
23,13,0,3,-9.9,3,0.24,0.44,1.0558333333333334
0,14,1,3,9.6,1,0.28,0.26,1.0491666666666666
0,14,1,3,15.2,2,1.7,1.72,1.1091666666666666
0,14,1,3,27.6,5,1.69,0.65,1.1079166666666667
2,14,1,3,-5.8,1,1.58,1.97,1.1466666666666667
3,14,1,3,15.7,4,1.7,0.85,1.1354166666666667
3,14,1,3,24.8,1,0.59,0.74,1.1245833333333335
6,14,1,3,-4.4,3,1.34,1.46,1.1495833333333334
7,14,1,3,-6.4,4,1.27,1.89,1.1416666666666666
7,14,1,3,37.7,4,1.03,1.4,1.1058333333333334
8,14,1,3,28.8,2,1.8,1.24,1.1224999999999998
9,14,1,3,28.5,3,1.83,0.42,1.1470833333333335
12,14,1,3,16.0,4,0.58,0.37,1.1537499999999998
12,14,1,3,-6.4,5,1.27,1.47,1.1912500000000001
12,14,1,3,25.3,4,1.47,1.61,1.19125
13,14,1,3,4.2,4,0.77,1.18,1.15625
14,14,1,3,27.8,4,0.87,1.05,1.1433333333333333
16,14,1,3,39.2,2,1.65,1.58,1.1683333333333332
17,14,1,3,-7.6,4,0.23,0.41,1.1120833333333333
18,14,1,3,40.0,4,1.06,1.84,1.1391666666666667
19,14,1,3,18.9,4,1.92,1.51,1.1425
19,14,1,3,19.2,5,0.58,0.21,1.10375
21,14,1,3,-7.3,4,1.51,0.83,1.1579166666666667
21,14,1,3,0.3,1,1.3,0.24,1.1775
21,14,1,3,27.6,2,0.55,0.28,1.1904166666666667
21,14,1,3,16.8,5,0.65,1.7,1.2058333333333333
22,14,1,3,-9.7,3,1.9,1.69,1.2141666666666666
22,14,1,3,-8.4,4,0.82,1.58,1.1779166666666667
22,14,1,3,9.7,1,0.99,1.7,1.1533333333333333
1,15,2,3,15.6,3,1.94,0.59,1.1633333333333333
1,15,2,3,7.2,3,1.79,1.34,1.2133333333333332
1,15,2,3,0.9,5,1.83,1.27,1.23375
1,15,2,3,23.0,4,0.92,1.03,1.2191666666666667
2,15,2,3,10.6,2,1.87,1.8,1.2541666666666667
3,15,2,3,-2.0,2,1.3,1.83,1.2333333333333332
5,15,2,3,36.7,5,1.73,0.58,1.2291666666666667
5,15,2,3,21.1,2,1.84,1.27,1.2816666666666667
6,15,2,3,23.6,5,0.42,1.47,1.24625
6,15,2,3,-3.5,5,1.09,0.77,1.2304166666666667
7,15,2,3,16.5,2,0.66,0.87,1.2258333333333333
7,15,2,3,14.7,1,0.54,1.65,1.2120833333333334
9,15,2,3,27.6,4,1.79,0.23,1.2179166666666668
10,15,2,3,28.4,1,0.43,1.06,1.22625
11,15,2,3,34.0,1,0.48,1.92,1.2020833333333334
11,15,2,3,29.4,4,1.67,0.58,1.1916666666666667
11,15,2,3,14.2,1,1.81,1.51,1.2429166666666667
13,15,2,3,31.0,5,0.9,1.3,1.2175
13,15,2,3,6.3,1,0.94,0.55,1.2025
15,15,2,3,31.2,4,0.73,0.65,1.2100000000000002
16,15,2,3,19.0,3,0.86,1.9,1.21875
18,15,2,3,39.8,2,0.94,0.82,1.17875
18,15,2,3,5.1,4,0.83,0.99,1.1791666666666667
19,15,2,3,27.0,2,0.31,1.94,1.1508333333333332
21,15,2,3,37.6,4,1.76,1.79,1.1433333333333333
21,15,2,3,29.4,4,0.4,1.83,1.0854166666666665
21,15,2,3,31.8,1,1.87,0.92,1.0870833333333334
22,15,2,3,2.2,1,0.61,1.87,1.0741666666666665
23,15,2,3,9.2,4,0.35,1.3,1.0108333333333335
0,16,3,3,-5.5,1,1.41,1.73,1.0154166666666666
2,16,3,3,10.0,2,1.97,1.84,1.0254166666666666
2,16,3,3,13.7,5,1.97,0.42,1.0308333333333333
2,16,3,3,16.8,1,1.71,1.09,1.0845833333333332
3,16,3,3,-2.7,5,0.9,0.66,1.0766666666666664
3,16,3,3,27.8,1,0.93,0.54,1.0879166666666666
3,16,3,3,-1.0,5,1.63,1.79,1.1333333333333333
4,16,3,3,-7.9,1,0.64,0.43,1.0854166666666667
4,16,3,3,14.1,4,0.81,0.48,1.10125
5,16,3,3,22.2,3,1.74,1.67,1.1537499999999998
7,16,3,3,30.7,3,1.3,1.81,1.1383333333333334
9,16,3,3,37.4,5,0.26,0.9,1.07375
10,16,3,3,-0.2,3,1.51,0.94,1.0991666666666666
10,16,3,3,0.9,3,1.43,0.73,1.1195833333333332
10,16,3,3,13.7,5,1.58,0.86,1.155
11,16,3,3,30.3,5,0.61,0.94,1.1445833333333333
12,16,3,3,37.9,3,0.52,0.83,1.1270833333333334
14,16,3,3,16.5,1,0.93,0.31,1.1312499999999999
15,16,3,3,30.3,5,0.64,1.76,1.145
15,16,3,3,18.7,3,0.66,0.4,1.0991666666666666
16,16,3,3,36.0,5,1.46,1.87,1.1433333333333333
16,16,3,3,-7.5,2,0.67,0.61,1.0933333333333333
17,16,3,3,25.9,2,1.33,0.35,1.1233333333333333
18,16,3,3,-4.4,3,0.76,1.41,1.1404166666666666
18,16,3,3,24.3,2,1.6,1.97,1.1483333333333332
22,16,3,3,-4.0,1,1.03,1.97,1.1091666666666666
0,17,4,3,13.2,4,0.56,1.71,1.0504166666666668
0,17,4,3,17.4,4,1.27,0.9,1.0320833333333332
2,17,4,3,25.0,4,0.72,0.93,1.0245833333333334
2,17,4,3,36.5,1,1.17,1.63,1.0345833333333332
2,17,4,3,25.8,2,1.17,0.64,1.0154166666666666
2,17,4,3,0.1,2,1.51,0.81,1.0516666666666665
3,17,4,3,-8.2,4,0.26,1.74,1.02875
3,17,4,3,1.4,5,0.82,1.3,0.9904166666666668
4,17,4,3,8.5,1,1.8,0.26,1.0112500000000002
4,17,4,3,-3.2,2,0.34,1.51,1.0145833333333334
5,17,4,3,5.9,2,0.53,1.43,0.97375
5,17,4,3,29.8,1,1.85,1.58,0.99125
5,17,4,3,9.9,5,0.38,0.61,0.94125
6,17,4,3,17.4,5,0.56,0.52,0.9391666666666668
7,17,4,3,33.0,1,0.96,0.93,0.9575
7,17,4,3,19.1,5,1.7,0.64,0.9895833333333334
8,17,4,3,-1.8,1,0.94,0.66,1.0020833333333334
8,17,4,3,27.0,3,1.42,1.46,1.0337500000000002
9,17,4,3,24.4,3,1.16,0.67,1.02125
9,17,4,3,-5.0,4,1.2,1.33,1.0433333333333334
11,17,4,3,6.8,3,1.94,0.76,1.0687499999999999
11,17,4,3,-9.1,2,0.72,1.6,1.0670833333333334
13,17,4,3,27.1,3,0.6,1.03,1.0254166666666666
13,17,4,3,27.5,2,1.98,0.56,1.065
14,17,4,3,-6.6,5,1.31,1.27,1.0962500000000002
14,17,4,3,6.0,1,0.39,0.72,1.0595833333333333
15,17,4,3,7.6,3,0.64,1.17,1.05625
16,17,4,3,8.6,2,1.72,1.17,1.0791666666666666
16,17,4,3,32.7,2,1.52,1.51,1.09375
17,17,4,3,12.1,5,1.91,0.26,1.1104166666666668
17,17,4,3,-8.7,4,1.19,0.82,1.1491666666666667
18,17,4,3,30.0,1,1.58,1.8,1.1808333333333334
19,17,4,3,35.3,2,0.21,0.34,1.1145833333333333
19,17,4,3,-4.9,1,0.27,0.53,1.1116666666666666
20,17,4,3,14.4,3,0.69,1.85,1.1183333333333334
20,17,4,3,31.6,4,0.53,0.38,1.0633333333333332
20,17,4,3,33.6,3,0.7,0.56,1.0766666666666667
22,17,4,3,39.0,1,1.23,0.96,1.1045833333333333
22,17,4,3,39.5,4,0.94,1.7,1.10375
23,17,4,3,11.2,3,0.46,0.94,1.0520833333333333
23,17,4,3,38.3,5,0.76,1.42,1.0445833333333334
0,18,5,3,27.0,3,1.05,1.16,1.0291666666666666
2,18,5,3,-0.8,1,1.51,1.2,1.04375
5,18,5,3,25.5,3,1.08,1.94,1.03875
7,18,5,3,39.0,4,1.11,0.72,1.0041666666666667
7,18,5,3,13.0,4,1.15,0.6,1.0220833333333332
7,18,5,3,27.4,5,1.45,1.98,1.0575
7,18,5,3,12.8,4,1.31,1.31,1.0295833333333333
8,18,5,3,7.9,1,0.55,0.39,0.9979166666666667
9,18,5,3,16.0,3,1.1,0.64,1.0275
10,18,5,3,6.1,5,1.94,1.72,1.0816666666666668
12,18,5,3,4.2,3,1.61,1.52,1.0770833333333334
12,18,5,3,-8.0,1,1.84,1.91,1.0904166666666666
14,18,5,3,9.5,1,0.61,1.19,1.03625
14,18,5,3,5.9,5,1.29,1.58,1.0404166666666668
14,18,5,3,-5.4,1,1.62,0.21,1.0420833333333333
16,18,5,3,33.6,4,1.64,0.27,1.1016666666666668
17,18,5,3,-7.5,3,1.33,0.69,1.1458333333333333
17,18,5,3,27.5,5,0.4,0.53,1.13375
23,18,5,3,33.7,3,1.8,0.7,1.1866666666666668
23,18,5,3,38.9,3,1.32,1.23,1.2125000000000001
0,19,6,3,21.2,2,0.22,0.94,1.1704166666666667
1,19,6,3,10.8,1,0.77,0.46,1.1633333333333333
3,19,6,3,10.4,4,0.24,0.76,1.1541666666666668
3,19,6,3,-9.7,3,1.88,1.05,1.2008333333333334
3,19,6,3,21.5,3,1.24,1.51,1.20875
4,19,6,3,-1.9,3,1.62,1.08,1.2133333333333334
5,19,6,3,19.1,3,0.89,1.11,1.2054166666666666
5,19,6,3,27.0,2,1.06,1.15,1.2033333333333334
5,19,6,3,36.3,1,1.89,1.45,1.2341666666666666
9,19,6,3,2.8,3,1.95,1.31,1.2550000000000001
9,19,6,3,-2.0,3,1.17,0.55,1.2491666666666668
10,19,6,3,39.8,4,1.37,1.1,1.2833333333333334
12,19,6,3,30.7,5,1.28,1.94,1.2908333333333333
12,19,6,3,19.3,2,0.49,1.61,1.2304166666666667
12,19,6,3,31.7,3,0.95,1.84,1.2029166666666666
13,19,6,3,-7.7,3,0.58,0.61,1.1504166666666666
15,19,6,3,1.5,4,1.54,1.29,1.1891666666666667
16,19,6,3,38.6,3,1.97,1.62,1.2175
16,19,6,3,10.9,1,1.14,1.64,1.1975
18,19,6,3,-2.6,3,1.29,1.33,1.1829166666666666
20,19,6,3,34.0,2,0.26,0.4,1.1383333333333334
21,19,6,3,3.1,2,1.83,1.8,1.1979166666666667
22,19,6,3,7.0,5,0.43,1.32,1.1408333333333334
22,19,6,3,11.6,2,0.76,0.22,1.1175
23,19,6,3,-8.8,4,1.83,0.77,1.1845833333333333
0,20,0,3,32.7,5,0.31,0.24,1.1654166666666668
0,20,0,3,-4.9,3,0.24,1.88,1.1654166666666665
0,20,0,3,17.6,1,1.92,1.24,1.1670833333333333
1,20,0,3,12.4,5,1.96,1.62,1.1970833333333333
1,20,0,3,16.8,4,0.35,0.89,1.1441666666666668
3,20,0,3,14.7,2,1.63,1.06,1.175
4,20,0,3,29.8,1,1.39,1.89,1.18875
5,20,0,3,37.0,5,0.61,1.95,1.1354166666666667
5,20,0,3,-0.9,2,1.16,1.17,1.1025
5,20,0,3,39.0,2,1.96,1.37,1.1354166666666667
5,20,0,3,30.0,2,0.87,1.28,1.1145833333333333
6,20,0,3,1.0,2,0.5,0.49,1.0820833333333333
6,20,0,3,22.3,3,0.49,0.95,1.0820833333333333
7,20,0,3,-9.8,4,1.14,0.58,1.09
7,20,0,3,-6.2,4,0.94,1.54,1.105
8,20,0,3,6.1,5,1.75,1.97,1.1137499999999998
12,20,0,3,19.3,5,0.31,1.14,1.0445833333333334
14,20,0,3,12.6,5,1.35,1.29,1.0533333333333332
14,20,0,3,-5.1,5,0.62,0.26,1.0254166666666666
15,20,0,3,-3.0,2,0.99,1.83,1.0558333333333334
15,20,0,3,33.1,4,0.53,0.43,1.0016666666666667
16,20,0,3,18.4,1,1.91,0.76,1.0633333333333332
17,20,0,3,-5.6,3,0.95,1.83,1.0712499999999998
17,20,0,3,-8.0,2,0.42,0.31,1.0125
18,20,0,3,11.8,1,0.99,0.24,1.0408333333333333
19,20,0,3,38.6,4,1.71,1.92,1.1020833333333333
20,20,0,3,13.3,1,1.89,1.96,1.1008333333333333
22,20,0,3,30.2,1,1.46,0.35,1.08
22,20,0,3,17.0,3,1.09,1.63,1.1108333333333333
23,20,0,3,20.6,1,1.61,1.39,1.11
1,21,1,3,0.7,3,1.79,0.61,1.1266666666666667
2,21,1,3,-6.4,2,1.17,1.16,1.1500000000000001
2,21,1,3,30.0,5,0.78,1.96,1.1341666666666665
2,21,1,3,-9.3,1,1.36,0.87,1.1091666666666666
4,21,1,3,24.1,5,1.33,0.5,1.1283333333333334
4,21,1,3,15.3,1,1.57,0.49,1.1729166666666668
4,21,1,3,9.1,1,1.99,1.14,1.2354166666666666
5,21,1,3,-2.4,4,1.01,0.94,1.23
7,21,1,3,-4.7,5,0.76,1.75,1.2225
7,21,1,3,-8.5,1,1.75,0.31,1.2225
8,21,1,3,35.0,2,0.22,1.35,1.21875
8,21,1,3,27.9,2,0.54,0.62,1.185
8,21,1,3,32.5,1,1.58,0.99,1.2249999999999999
9,21,1,3,12.2,2,0.85,0.53,1.2191666666666665
9,21,1,3,39.0,1,1.22,1.91,1.2479166666666666
9,21,1,3,33.9,1,1.82,0.95,1.2441666666666666
9,21,1,3,-6.9,3,0.24,0.42,1.2145833333333333
10,21,1,3,19.0,2,1.34,0.99,1.2529166666666667
10,21,1,3,23.2,3,0.8,1.71,1.245
10,21,1,3,0.5,5,1.37,1.89,1.2308333333333332
11,21,1,3,24.8,4,0.47,1.46,1.1716666666666666
11,21,1,3,-7.7,1,0.91,1.09,1.14875
12,21,1,3,16.7,5,1.71,1.61,1.1745833333333333
12,21,1,3,8.6,1,1.49,1.79,1.1695833333333334
15,21,1,3,34.7,5,1.62,1.17,1.1625
15,21,1,3,3.6,3,1.31,0.78,1.1683333333333332
15,21,1,3,-7.7,5,0.64,1.36,1.1625
16,21,1,3,35.2,4,0.31,1.33,1.1187500000000001
17,21,1,3,16.9,5,0.61,1.57,1.0887499999999999
18,21,1,3,22.3,2,1.21,1.99,1.07375
18,21,1,3,35.4,1,0.67,1.01,1.01875
18,21,1,3,25.9,1,1.25,0.76,1.02875
21,21,1,3,7.4,1,1.79,1.75,1.0716666666666668
22,21,1,3,-4.1,4,0.68,0.22,1.0270833333333333
22,21,1,3,23.4,3,1.07,0.54,1.0625
23,21,1,3,-7.3,3,1.55,1.58,1.1045833333333335
23,21,1,3,13.3,1,0.31,0.85,1.0516666666666665
23,21,1,3,28.2,3,0.79,1.22,1.0491666666666666
23,21,1,3,32.4,4,0.54,1.82,1.0208333333333335
0,22,2,3,32.5,1,1.2,0.24,0.9950000000000001
2,22,2,3,-7.7,5,0.72,1.34,1.015
2,22,2,3,9.2,2,0.63,0.8,0.9854166666666666
3,22,2,3,-0.3,3,0.96,1.37,0.9920833333333333
3,22,2,3,35.9,2,0.21,0.47,0.9437500000000001
5,22,2,3,-6.6,1,0.44,0.91,0.9424999999999999
5,22,2,3,9.3,3,0.53,1.71,0.9266666666666666
8,22,2,3,12.6,1,0.26,1.49,0.8662500000000001
10,22,2,3,30.6,4,0.46,1.62,0.8233333333333334
12,22,2,3,-1.5,4,1.3,1.31,0.8099999999999999
13,22,2,3,26.2,1,1.85,0.64,0.8325
14,22,2,3,14.1,4,1.95,0.31,0.8870833333333333
15,22,2,3,11.9,2,1.93,0.61,0.9545833333333333
18,22,2,3,8.8,1,0.74,1.21,0.9600000000000001
18,22,2,3,25.4,2,1.1,0.67,0.9554166666666667
19,22,2,3,-8.8,5,0.37,1.25,0.9429166666666666
19,22,2,3,12.8,5,0.84,1.79,0.9258333333333333
22,22,2,3,1.1,5,0.23,0.68,0.8608333333333333
0,23,3,3,37.7,4,1.51,1.07,0.8954166666666666
0,23,3,3,31.5,2,1.02,1.55,0.8933333333333334
0,23,3,3,3.9,2,1.52,0.31,0.8920833333333333
1,23,3,3,9.5,3,1.4,0.79,0.9375
1,23,3,3,26.6,5,1.84,0.54,0.9812500000000001
2,23,3,3,28.0,4,1.04,1.2,1.0020833333333332
2,23,3,3,2.7,1,1.54,0.72,1.01625
3,23,3,3,-5.9,2,1.02,0.63,1.02875
3,23,3,3,-2.7,3,1.81,0.96,1.0779166666666666
3,23,3,3,25.4,4,1.43,0.21,1.0975
3,23,3,3,27.3,2,1.37,0.44,1.1458333333333333
4,23,3,3,-5.9,4,1.98,0.53,1.2100000000000002
4,23,3,3,37.3,1,1.33,0.26,1.2433333333333334
4,23,3,3,29.5,2,1.18,0.46,1.2816666666666665
9,23,3,3,19.2,2,1.78,1.3,1.3366666666666667
9,23,3,3,-9.3,5,0.72,1.85,1.3125
9,23,3,3,24.1,4,0.29,1.95,1.2475
10,23,3,3,24.2,5,1.61,1.93,1.2333333333333334
10,23,3,3,-5.6,3,0.53,0.74,1.175
11,23,3,3,39.5,4,1.33,1.1,1.1995833333333332
12,23,3,3,3.0,2,0.32,0.37,1.1670833333333335
12,23,3,3,36.8,3,1.36,0.84,1.2083333333333333
13,23,3,3,4.6,3,1.67,0.23,1.2429166666666667
13,23,3,3,11.1,1,1.71,1.51,1.3045833333333332
15,23,3,3,4.5,3,0.2,1.02,1.2500000000000002
16,23,3,3,11.4,4,0.92,1.52,1.2458333333333333
17,23,3,3,10.8,5,1.29,1.4,1.2362499999999998
17,23,3,3,4.1,4,0.95,1.84,1.2175
19,23,3,3,-3.3,4,0.35,1.04,1.1554166666666668
20,23,3,3,24.9,1,1.41,1.54,1.1708333333333334
20,23,3,3,5.0,4,0.92,1.02,1.145
23,23,3,3,31.2,1,1.99,1.81,1.1854166666666666
23,23,3,3,-3.5,3,1.51,1.43,1.1729166666666668
0,24,4,3,1.7,4,0.93,1.37,1.1520833333333333
0,24,4,3,10.9,4,1.42,1.98,1.1541666666666666
1,24,4,3,23.1,2,0.46,1.33,1.0908333333333333
3,24,4,3,6.4,5,0.45,1.18,1.0541666666666667
3,24,4,3,23.8,5,0.45,1.78,1.02375
4,24,4,3,18.0,4,0.8,0.72,0.9829166666666667
5,24,4,3,37.2,2,0.81,0.29,0.9866666666666668
7,24,4,3,-0.8,2,0.83,1.61,1.0091666666666665
8,24,4,3,2.6,1,1.96,0.53,1.02375
8,24,4,3,16.5,3,1.31,1.33,1.05625
8,24,4,3,9.1,4,0.74,0.32,1.0316666666666667
8,24,4,3,-9.7,1,0.22,1.36,1.0275
9,24,4,3,19.8,4,1.74,1.67,1.0433333333333332
10,24,4,3,2.9,5,0.4,1.71,0.9904166666666666
11,24,4,3,-0.9,2,0.36,0.2,0.9341666666666667
12,24,4,3,8.5,3,0.32,0.92,0.9391666666666666
13,24,4,3,20.0,3,0.33,1.29,0.9145833333333333
16,24,4,3,37.2,4,1.56,0.95,0.9258333333333334
16,24,4,3,6.9,2,1.74,0.35,0.9587499999999999
16,24,4,3,37.8,3,1.76,1.41,1.0175
16,24,4,3,24.1,1,0.69,0.92,0.9874999999999999
16,24,4,3,29.3,5,0.75,1.99,0.9804166666666666
17,24,4,3,38.4,1,1.14,1.51,0.945
20,24,4,3,32.0,4,0.63,0.93,0.9083333333333332
20,24,4,3,6.8,1,1.17,1.42,0.9183333333333333
20,24,4,3,21.6,5,1.42,0.46,0.9183333333333333
21,24,4,3,5.3,3,1.4,0.45,0.9575
22,24,4,3,38.6,5,1.05,0.45,0.9825
23,24,4,3,35.3,3,0.81,0.8,0.9975
1,25,5,3,27.3,1,1.08,0.81,1.0091666666666668
2,25,5,3,25.5,4,1.43,0.83,1.035
3,25,5,3,28.6,2,0.53,1.96,1.0225
3,25,5,3,25.2,3,1.7,1.31,1.0116666666666667
4,25,5,3,5.3,5,0.96,0.74,0.9970833333333333
4,25,5,3,21.4,4,0.66,0.22,0.9937499999999999
5,25,5,3,37.8,2,0.37,1.74,1.0
5,25,5,3,0.7,5,0.44,0.4,0.9458333333333334
5,25,5,3,-8.4,1,1.17,0.36,0.9779166666666667
8,25,5,3,25.6,5,1.1,0.32,1.00875
9,25,5,3,35.1,2,1.18,0.33,1.0445833333333334
9,25,5,3,26.8,2,1.78,1.56,1.105
11,25,5,3,12.4,1,1.79,1.74,1.1145833333333333
11,25,5,3,4.2,3,1.11,1.76,1.0883333333333334
11,25,5,3,27.8,4,1.33,0.69,1.0704166666666666
11,25,5,3,36.4,2,0.26,0.75,1.0525
12,25,5,3,-7.3,3,0.75,1.14,1.0525
12,25,5,3,-1.7,1,1.57,0.63,1.0704166666666668
14,25,5,3,27.7,3,0.45,1.17,1.0629166666666667
14,25,5,3,-0.7,3,1.26,1.42,1.0666666666666667
14,25,5,3,-2.5,5,0.73,1.4,1.0379166666666666
15,25,5,3,-1.4,5,0.31,1.05,0.9925
15,25,5,3,36.1,2,0.91,0.81,0.9866666666666667
17,25,5,3,26.9,2,1.76,1.08,1.0262499999999999
17,25,5,3,20.2,2,0.37,1.43,0.9966666666666666
17,25,5,3,29.0,3,1.18,0.53,0.98625
20,25,5,3,-0.3,1,0.81,1.7,0.9979166666666668
21,25,5,3,29.3,5,0.35,0.96,0.9416666666666665
22,25,5,3,8.6,4,0.44,0.66,0.92
23,25,5,3,-7.0,3,0.51,0.37,0.91375
23,25,5,3,-9.8,5,1.72,0.44,0.9700000000000001
23,25,5,3,7.3,5,0.83,1.17,0.98625
23,25,5,3,3.1,2,0.62,1.1,0.9633333333333334
0,26,6,3,12.6,2,1.65,1.18,0.98625
2,26,6,3,-2.1,5,0.98,1.78,0.9779166666666667
2,26,6,3,30.8,4,0.4,1.79,0.9204166666666667
3,26,6,3,-1.0,4,0.22,1.11,0.855
4,26,6,3,27.4,1,0.91,1.33,0.8466666666666667
6,26,6,3,-0.9,3,1.39,0.26,0.8491666666666667
6,26,6,3,32.8,2,1.35,0.75,0.8945833333333333
6,26,6,3,17.5,5,0.27,1.57,0.8745833333333333
8,26,6,3,27.9,2,1.18,0.45,0.8583333333333333
10,26,6,3,25.0,3,1.67,1.26,0.9091666666666667
11,26,6,3,11.6,5,0.73,0.73,0.8870833333333333
11,26,6,3,19.1,1,0.52,0.31,0.8783333333333334
13,26,6,3,20.7,1,1.29,0.91,0.9191666666666666
16,26,6,3,2.9,4,0.5,1.76,0.9020833333333332
16,26,6,3,25.7,5,0.8,0.37,0.8620833333333334
16,26,6,3,15.2,3,1.43,1.18,0.90625
17,26,6,3,18.1,5,1.45,0.81,0.9175
20,26,6,3,23.2,1,1.38,0.35,0.94125
20,26,6,3,15.2,4,1.7,0.44,0.9975
21,26,6,3,18.5,4,0.54,0.51,1.0016666666666667
21,26,6,3,32.7,4,1.95,1.72,1.0616666666666668
21,26,6,3,11.0,1,0.86,0.83,1.0258333333333332
22,26,6,3,17.6,2,1.16,0.62,1.0395833333333333
22,26,6,3,12.6,2,0.7,1.65,1.0429166666666665
0,27,0,3,28.5,5,0.27,0.98,0.9854166666666666
0,27,0,3,-0.9,5,0.36,0.4,0.9595833333333333
1,27,0,3,38.8,4,1.0,0.22,0.9845833333333335
2,27,0,3,-4.5,1,0.22,0.91,0.9845833333333333
2,27,0,3,19.9,4,1.1,1.39,0.9925
2,27,0,3,32.1,3,1.83,1.35,1.0108333333333333
4,27,0,3,8.5,1,0.94,0.27,0.99375
6,27,0,3,19.9,2,0.85,1.18,1.0179166666666666
12,27,0,3,33.3,5,1.55,1.67,1.0333333333333334
15,27,0,3,26.3,2,0.44,0.73,0.9820833333333333
21,27,0,3,36.6,3,1.75,0.52,1.0245833333333334
21,27,0,3,20.8,2,1.02,1.29,1.0454166666666667
22,27,0,3,25.3,5,0.85,0.5,1.0270833333333333
22,27,0,3,20.7,2,0.56,0.8,1.0295833333333333
23,27,0,3,19.3,5,0.45,1.43,1.015
0,28,1,3,-2.8,4,0.43,1.45,0.9733333333333333
0,28,1,3,19.4,5,1.12,1.38,0.9595833333333333
1,28,1,3,39.7,2,0.41,1.7,0.9191666666666668
1,28,1,3,-1.2,1,0.55,0.54,0.87125
2,28,1,3,11.2,1,0.22,1.95,0.8579166666666667
3,28,1,3,3.9,2,1.06,0.86,0.8208333333333333
4,28,1,3,39.9,3,0.43,1.16,0.8029166666666666
5,28,1,3,36.4,5,1.94,0.7,0.8354166666666667
7,28,1,3,9.6,1,1.88,0.27,0.8845833333333334
8,28,1,3,38.3,4,0.22,0.36,0.8825000000000002
8,28,1,3,20.7,5,1.92,1.0,0.9474999999999999
9,28,1,3,-5.2,3,1.18,0.22,0.955
11,28,1,3,-1.6,2,1.79,1.1,1.0204166666666665
13,28,1,3,8.5,3,0.49,1.83,0.995
14,28,1,3,10.5,2,1.06,0.94,0.9629166666666666
15,28,1,3,25.5,1,1.8,0.85,0.9987499999999999
15,28,1,3,-5.5,1,1.38,1.55,1.0208333333333333
16,28,1,3,26.7,5,1.9,0.44,1.0354166666666667
16,28,1,3,-1.1,4,1.4,1.75,1.0754166666666667
16,28,1,3,22.4,2,1.91,1.02,1.0820833333333333
17,28,1,3,13.1,1,1.44,0.85,1.0995833333333334
18,28,1,3,12.6,4,1.84,0.56,1.1408333333333334
18,28,1,3,28.3,4,0.76,0.45,1.1491666666666667
20,28,1,3,-3.7,3,0.68,0.43,1.15875
23,28,1,3,14.0,5,0.68,1.12,1.1691666666666667
0,29,2,3,18.3,2,1.38,0.41,1.18
1,29,2,3,-0.7,3,0.25,0.55,1.1733333333333333
2,29,2,3,30.8,5,0.36,0.22,1.1654166666666665
3,29,2,3,17.0,2,0.88,1.06,1.1929166666666666
4,29,2,3,17.8,5,1.24,0.43,1.2004166666666667
4,29,2,3,11.6,5,1.79,1.94,1.2570833333333333
9,29,2,3,18.0,2,1.81,1.88,1.2516666666666667
10,29,2,3,19.1,2,0.52,0.22,1.195
10,29,2,3,6.8,5,1.43,1.92,1.2454166666666666
11,29,2,3,17.0,1,0.68,1.18,1.1937499999999999
12,29,2,3,8.9,2,1.15,1.79,1.1925000000000001
13,29,2,3,4.9,4,1.31,0.49,1.1725
14,29,2,3,18.6,5,0.23,1.06,1.1616666666666666
14,29,2,3,19.8,3,0.76,1.8,1.1491666666666667
14,29,2,3,38.6,2,1.27,1.38,1.1270833333333334
19,29,2,3,-1.9,4,0.93,1.9,1.1083333333333334
20,29,2,3,21.7,1,0.32,1.4,1.0425
20,29,2,3,-9.1,5,0.51,1.91,1.0054166666666666
21,29,2,3,-3.0,5,1.72,1.44,0.9975
21,29,2,3,-0.2,2,0.93,1.84,0.97625
22,29,2,3,11.9,3,0.38,0.76,0.9154166666666667
23,29,2,3,8.1,1,1.11,0.68,0.93
1,30,3,3,10.5,5,1.26,0.68,0.9541666666666667
3,30,3,3,-0.3,3,1.47,1.38,0.9870833333333334
4,30,3,3,26.7,2,1.24,0.25,0.9812499999999998
4,30,3,3,9.2,4,0.57,0.36,0.9945833333333333
5,30,3,3,-3.5,3,1.14,0.88,1.0270833333333333
5,30,3,3,11.3,5,1.56,1.24,1.0554166666666667
6,30,3,3,13.2,4,0.5,1.79,1.0245833333333332
7,30,3,3,25.9,1,1.71,1.81,1.02125
8,30,3,3,26.3,2,0.97,0.52,0.9862500000000001
9,30,3,3,17.4,2,1.06,1.43,1.00875
9,30,3,3,33.2,5,0.53,0.68,0.9712500000000001
9,30,3,3,27.1,1,0.51,1.15,0.9641666666666667
11,30,3,3,25.6,1,1.38,1.31,0.9737499999999999
12,30,3,3,4.4,4,1.53,0.23,0.9829166666666667
12,30,3,3,-6.3,4,1.69,0.76,1.04375
14,30,3,3,8.3,1,0.82,1.27,1.04625
14,30,3,3,-7.5,5,1.79,0.93,1.0679166666666666
16,30,3,3,27.1,1,1.21,0.32,1.0795833333333333
17,30,3,3,19.9,4,1.62,0.51,1.1337499999999998
17,30,3,3,35.6,3,1.77,1.72,1.18625
18,30,3,3,33.9,3,1.06,0.93,1.15875
18,30,3,3,35.0,4,1.0,0.38,1.1616666666666666
18,30,3,3,-1.2,3,1.17,1.11,1.1945833333333333
20,30,3,3,26.9,4,0.21,1.26,1.1570833333333332
20,30,3,3,-8.4,5,0.94,1.47,1.14375
22,30,3,3,-3.4,1,1.88,1.24,1.1608333333333334
23,30,3,3,-2.7,2,0.74,0.57,1.14
0,31,4,3,23.7,3,1.83,1.14,1.1925000000000001
1,31,4,3,0.8,5,1.18,1.56,1.1941666666666666
2,31,4,3,38.7,5,1.7,0.5,1.2
3,31,4,3,7.4,5,1.81,1.71,1.2545833333333334
3,31,4,3,32.2,5,1.43,0.97,1.2429166666666667
4,31,4,3,25.3,1,1.57,1.06,1.2679166666666666
5,31,4,3,27.8,3,0.98,0.53,1.2645833333333332
6,31,4,3,1.3,2,0.42,0.51,1.26
6,31,4,3,-5.0,3,1.86,1.38,1.31625
6,31,4,3,37.4,5,1.65,1.53,1.3275
7,31,4,3,29.4,5,1.75,1.69,1.3366666666666667
7,31,4,3,37.6,5,0.72,0.82,1.29625
7,31,4,3,-8.2,1,0.99,1.79,1.3033333333333332
7,31,4,3,33.4,5,0.99,1.21,1.27
12,31,4,3,31.1,4,0.65,1.62,1.2466666666666666
12,31,4,3,28.5,5,1.34,1.77,1.235
13,31,4,3,37.0,4,1.95,1.06,1.2425
15,31,4,3,6.7,3,0.41,1.0,1.2154166666666666
15,31,4,3,22.7,1,0.23,1.17,1.1833333333333333
16,31,4,3,30.8,3,1.38,0.21,1.1920833333333334
16,31,4,3,5.5,5,0.26,0.94,1.1941666666666666
17,31,4,3,32.7,5,0.64,1.88,1.1816666666666666
19,31,4,3,14.3,1,1.91,0.74,1.1829166666666666
19,31,4,3,21.8,1,0.58,1.83,1.17625
19,31,4,3,33.0,3,0.72,1.18,1.1300000000000001
19,31,4,3,21.5,1,1.58,1.7,1.1466666666666667
20,31,4,3,6.7,5,1.48,1.81,1.1375
20,31,4,3,-7.5,4,1.33,1.43,1.1175
21,31,4,3,-8.8,2,0.21,1.57,1.0666666666666667
22,31,4,3,10.9,1,1.86,0.98,1.0787499999999999
22,31,4,3,14.4,4,1.16,0.42,1.08625
22,31,4,3,34.4,2,1.51,1.86,1.1316666666666666
22,31,4,3,39.2,1,0.44,1.65,1.0725
22,31,4,3,5.5,5,1.71,1.75,1.075
23,31,4,3,-2.3,5,0.41,0.72,1.0191666666666666
23,31,4,3,35.1,2,1.85,0.99,1.06625
0,1,5,4,5.3,2,0.76,0.99,1.0566666666666666
0,1,5,4,21.7,5,1.77,0.65,1.0891666666666666
1,1,5,4,39.9,5,0.48,1.34,1.0820833333333333
1,1,5,4,2.8,2,0.69,1.95,1.055
1,1,5,4,6.5,2,0.82,0.41,1.0079166666666668
1,1,5,4,19.6,5,0.83,0.23,1.0254166666666666
5,1,5,4,34.7,2,1.41,1.38,1.0745833333333332
7,1,5,4,3.8,4,1.86,0.26,1.0945833333333332
8,1,5,4,39.9,4,1.46,0.64,1.1445833333333333
8,1,5,4,7.3,1,1.44,1.91,1.1779166666666667
9,1,5,4,11.2,1,2.0,0.58,1.1816666666666666
10,1,5,4,-5.8,4,0.42,0.72,1.175
12,1,5,4,5.3,1,1.0,1.58,1.1866666666666665
12,1,5,4,-5.6,2,1.45,1.48,1.1812500000000001
14,1,5,4,4.2,1,0.39,1.33,1.1358333333333333
14,1,5,4,25.8,3,1.06,0.21,1.1245833333333335
16,1,5,4,13.6,2,0.47,1.86,1.1354166666666667
16,1,5,4,5.6,4,0.52,1.16,1.0795833333333333
18,1,5,4,4.1,2,1.51,1.51,1.0941666666666667
19,1,5,4,15.7,5,2.0,0.44,1.1145833333333333
21,1,5,4,15.0,3,1.69,1.71,1.1666666666666667
21,1,5,4,16.9,2,0.3,0.41,1.1079166666666667
3,2,6,4,37.0,5,0.6,1.85,1.1158333333333335
4,2,6,4,1.9,1,1.22,0.76,1.0895833333333333
5,2,6,4,32.8,1,0.54,1.77,1.0804166666666666
5,2,6,4,21.1,4,0.66,0.48,1.0341666666666667
5,2,6,4,27.0,5,0.41,0.69,1.03125
7,2,6,4,24.1,3,0.84,0.82,1.0374999999999999
8,2,6,4,-5.7,5,1.08,0.83,1.0483333333333333
11,2,6,4,36.6,3,0.29,1.41,1.0258333333333334
11,2,6,4,28.3,5,0.74,1.86,0.9979166666666667
11,2,6,4,18.6,2,0.78,1.46,0.9529166666666667
14,2,6,4,19.5,4,0.45,1.44,0.9108333333333333
15,2,6,4,38.8,1,0.86,2.0,0.8866666666666667
15,2,6,4,-4.2,4,1.23,0.42,0.8545833333333333
17,2,6,4,8.3,4,1.07,1.0,0.8816666666666667
19,2,6,4,-4.7,4,1.62,1.45,0.9075000000000001
19,2,6,4,8.3,2,0.79,0.39,0.8799999999999999
21,2,6,4,3.0,4,0.82,1.06,0.8979166666666667
21,2,6,4,24.6,4,1.05,0.47,0.8975
22,2,6,4,38.0,2,0.45,0.52,0.8966666666666666
23,2,6,4,17.7,1,1.65,1.51,0.9437500000000001
23,2,6,4,22.3,2,1.7,2.0,0.9516666666666667
23,2,6,4,-2.0,1,1.35,1.69,0.9245833333333332
3,3,0,4,21.5,3,1.28,0.3,0.9075000000000001
5,3,0,4,-5.4,5,1.09,0.6,0.9404166666666667
5,3,0,4,6.2,1,1.59,1.22,0.9816666666666666
6,3,0,4,32.1,2,1.81,0.54,1.00625
6,3,0,4,33.4,1,0.29,0.66,0.9958333333333335
6,3,0,4,0.9,5,0.68,0.41,0.9966666666666667
6,3,0,4,19.7,5,1.28,0.84,1.0329166666666667
7,3,0,4,27.5,3,0.75,1.08,1.0291666666666668
9,3,0,4,33.8,2,1.68,0.29,1.0541666666666667
9,3,0,4,39.3,1,0.48,0.74,1.0620833333333335
14,3,0,4,25.5,4,0.39,0.78,1.0475
16,3,0,4,2.5,1,1.77,0.45,1.08875
16,3,0,4,8.3,4,1.54,0.86,1.1341666666666668
16,3,0,4,22.3,2,0.92,1.23,1.1366666666666665
16,3,0,4,4.3,4,0.94,1.07,1.1245833333333335
17,3,0,4,5.9,1,0.38,1.62,1.0958333333333334
19,3,0,4,17.7,2,0.83,0.79,1.0629166666666667
19,3,0,4,39.7,4,1.76,0.82,1.1033333333333333
20,3,0,4,15.8,1,1.13,1.05,1.11625
21,3,0,4,15.8,3,1.07,0.45,1.1170833333333332
21,3,0,4,12.0,4,1.76,1.65,1.1716666666666666
21,3,0,4,11.5,3,0.9,1.7,1.1404166666666666
23,3,0,4,32.3,3,0.47,1.35,1.0891666666666666
23,3,0,4,32.5,4,0.75,1.28,1.0641666666666667
0,4,1,4,31.5,2,0.44,1.09,1.0291666666666666
1,4,1,4,21.3,5,1.26,1.59,1.0362500000000001
1,4,1,4,-7.2,4,0.27,1.81,0.9812500000000001
1,4,1,4,13.5,3,1.83,0.29,0.9820833333333333
2,4,1,4,35.2,1,1.22,0.68,1.0208333333333333
3,4,1,4,1.2,3,1.11,1.28,1.03875
3,4,1,4,25.6,1,0.47,0.75,1.005
3,4,1,4,10.6,4,1.52,1.68,1.0370833333333334
4,4,1,4,-4.3,1,1.57,0.48,1.0325
4,4,1,4,6.7,1,1.73,0.39,1.0845833333333332
5,4,1,4,7.0,5,1.71,1.77,1.1395833333333334
6,4,1,4,24.6,2,0.56,1.54,1.0891666666666666
8,4,1,4,33.5,2,2.0,0.92,1.1083333333333334
9,4,1,4,17.7,5,0.26,0.94,1.0808333333333333
10,4,1,4,7.3,3,1.49,0.38,1.10375
10,4,1,4,17.9,4,0.68,0.83,1.1162500000000002
12,4,1,4,-9.2,2,1.98,1.76,1.1641666666666666
12,4,1,4,-6.4,5,0.64,1.13,1.1175
13,4,1,4,10.1,2,0.46,1.07,1.0895833333333333
15,4,1,4,-5.5,5,1.12,1.76,1.0916666666666668
15,4,1,4,38.7,2,0.77,0.9,1.0504166666666668
15,4,1,4,35.6,1,1.15,0.47,1.0608333333333333
18,4,1,4,33.1,1,1.56,0.75,1.10625
20,4,1,4,-6.0,4,1.6,0.44,1.1416666666666666
23,4,1,4,-1.2,4,1.95,1.26,1.2045833333333336
0,5,2,4,32.9,4,1.3,0.27,1.20625
3,5,2,4,-6.8,2,1.42,1.83,1.2541666666666667
4,5,2,4,24.7,4,0.52,1.22,1.1995833333333332
8,5,2,4,5.0,2,1.28,1.11,1.2020833333333334
10,5,2,4,25.9,2,1.29,0.47,1.2095833333333335
10,5,2,4,-2.4,5,1.74,1.52,1.2625
11,5,2,4,32.0,5,1.93,1.57,1.2795833333333333
11,5,2,4,28.4,4,0.24,1.73,1.2241666666666668
13,5,2,4,14.6,3,1.92,1.71,1.2320833333333334
13,5,2,4,35.9,2,1.99,0.56,1.2437500000000001
14,5,2,4,29.8,1,0.34,2.0,1.2345833333333334
15,5,2,4,5.2,2,1.07,0.26,1.1958333333333335
16,5,2,4,-9.8,4,1.77,1.49,1.25875
16,5,2,4,-8.8,4,1.78,0.68,1.2708333333333333
17,5,2,4,4.6,5,0.25,1.98,1.2529166666666667
17,5,2,4,25.1,5,0.99,0.64,1.2116666666666667
18,5,2,4,32.4,3,0.26,0.46,1.1958333333333335
19,5,2,4,13.9,5,1.35,1.12,1.2329166666666667
19,5,2,4,35.4,2,0.92,0.77,1.2245833333333334
20,5,2,4,20.1,2,0.5,1.15,1.2133333333333334
20,5,2,4,18.1,2,0.33,1.56,1.1791666666666667
21,5,2,4,13.4,2,0.49,1.6,1.1345833333333333
21,5,2,4,-1.5,5,0.99,1.95,1.1091666666666666
21,5,2,4,-6.2,4,1.35,1.3,1.0841666666666667
21,5,2,4,15.5,3,1.44,1.42,1.09
22,5,2,4,36.7,5,1.63,0.52,1.0987500000000001
0,6,3,4,30.2,2,0.36,1.28,1.0920833333333333
3,6,3,4,36.1,2,0.82,1.29,1.0729166666666667
4,6,3,4,-8.4,2,0.49,1.74,1.0395833333333333
6,6,3,4,30.5,3,1.02,1.93,1.0095833333333333
6,6,3,4,-9.4,2,0.64,0.24,0.9558333333333334
7,6,3,4,-4.1,1,0.65,1.92,0.9729166666666668
8,6,3,4,8.9,5,1.99,1.99,0.9758333333333334
10,6,3,4,-6.9,3,1.64,0.34,0.96125
11,6,3,4,11.4,1,0.74,1.07,0.9779166666666667
11,6,3,4,15.4,5,0.48,1.77,0.9533333333333333
14,6,3,4,8.0,5,1.52,1.78,0.9429166666666666
17,6,3,4,16.6,1,1.59,0.25,0.9349999999999999
17,6,3,4,0.1,2,0.32,0.99,0.9379166666666666
17,6,3,4,36.6,4,0.7,0.26,0.9258333333333333
18,6,3,4,18.8,2,0.66,1.35,0.9424999999999999
18,6,3,4,29.0,4,1.73,0.92,0.9583333333333334
20,6,3,4,3.8,1,0.98,0.5,0.9608333333333333
20,6,3,4,20.2,5,1.36,0.33,0.9966666666666666
22,6,3,4,-8.3,5,1.48,0.49,1.0445833333333334
22,6,3,4,21.7,2,1.12,0.99,1.0708333333333333
22,6,3,4,-6.3,2,0.76,1.35,1.06125
0,7,4,4,21.8,3,1.48,1.44,1.0666666666666667
0,7,4,4,2.4,3,1.26,1.63,1.0591666666666668
0,7,4,4,18.9,5,0.6,0.36,1.01625
1,7,4,4,17.0,4,1.41,0.82,1.0599999999999998
2,7,4,4,-2.6,4,1.92,0.49,1.1058333333333332
2,7,4,4,-6.8,3,1.6,1.02,1.1520833333333333
3,7,4,4,0.7,4,1.49,0.64,1.1716666666666666
3,7,4,4,14.0,2,0.63,0.65,1.17125
3,7,4,4,0.0,5,1.8,1.99,1.2191666666666667
3,7,4,4,21.2,5,0.62,1.64,1.1620833333333334
4,7,4,4,11.9,2,1.79,0.74,1.1683333333333332
4,7,4,4,-7.8,4,1.12,0.48,1.1841666666666668
4,7,4,4,6.8,1,1.84,1.52,1.2408333333333335
5,7,4,4,-1.4,3,1.96,1.59,1.2591666666666668
6,7,4,4,3.3,3,0.64,0.32,1.2195833333333335
6,7,4,4,-2.3,2,1.72,0.7,1.2779166666666668
9,7,4,4,8.5,5,1.94,0.66,1.3295833333333336
9,7,4,4,38.2,3,1.49,1.73,1.3641666666666667
9,7,4,4,23.5,3,0.57,0.98,1.3158333333333334
11,7,4,4,29.2,2,1.63,1.36,1.3429166666666668
12,7,4,4,32.7,3,1.1,1.48,1.3320833333333335
12,7,4,4,37.9,4,1.42,1.12,1.3295833333333333
13,7,4,4,30.4,3,0.98,0.76,1.32375
14,7,4,4,35.1,5,1.74,1.48,1.3645833333333333
14,7,4,4,5.6,5,1.62,1.26,1.3704166666666666
15,7,4,4,-6.9,5,1.04,0.6,1.36125
16,7,4,4,36.5,4,1.47,1.41,1.3975
20,7,4,4,22.4,1,1.21,1.92,1.3891666666666669
20,7,4,4,-6.4,5,0.51,1.6,1.3304166666666666
21,7,4,4,22.2,3,0.27,1.49,1.275
21,7,4,4,5.4,4,0.28,0.63,1.2245833333333334
22,7,4,4,15.2,2,1.32,1.8,1.2533333333333334
22,7,4,4,20.0,1,1.36,0.62,1.235
23,7,4,4,28.4,2,1.76,1.79,1.2825
23,7,4,4,17.1,2,0.31,1.12,1.2208333333333334
0,8,5,4,7.6,2,1.37,1.84,1.23125
1,8,5,4,3.7,3,1.29,1.96,1.2083333333333333
1,8,5,4,20.7,1,1.73,0.64,1.19875
1,8,5,4,13.1,1,0.29,1.72,1.1841666666666666
3,8,5,4,26.6,1,0.32,1.94,1.1258333333333332
4,8,5,4,33.7,5,1.02,1.49,1.0875
6,8,5,4,4.0,5,1.24,0.57,1.0770833333333334
7,8,5,4,40.0,3,1.17,1.63,1.1020833333333333
8,8,5,4,-1.0,1,1.86,1.1,1.1116666666666666
8,8,5,4,0.3,3,0.6,1.42,1.0908333333333333
9,8,5,4,23.9,4,0.42,0.98,1.0491666666666666
9,8,5,4,31.5,1,1.39,1.74,1.06625
13,8,5,4,34.9,4,1.18,1.62,1.0429166666666665
13,8,5,4,-0.8,1,1.22,1.04,1.02625
14,8,5,4,8.9,5,1.33,1.47,1.0383333333333333
16,8,5,4,0.5,1,0.99,1.21,1.0183333333333333
17,8,5,4,-3.4,1,0.67,0.51,0.9958333333333332
18,8,5,4,8.0,5,1.38,0.27,1.0320833333333332
19,8,5,4,0.5,5,1.67,0.28,1.0904166666666668
19,8,5,4,19.2,3,1.31,1.32,1.1333333333333333
20,8,5,4,38.2,2,1.66,1.36,1.1475
21,8,5,4,19.2,1,0.35,1.76,1.1054166666666667
21,8,5,4,20.2,3,1.65,0.31,1.1008333333333333
0,9,6,4,4.9,1,1.2,1.37,1.1379166666666667
1,9,6,4,39.6,5,0.92,1.29,1.1191666666666666
2,9,6,4,-5.3,4,0.25,1.73,1.0758333333333334
3,9,6,4,29.7,4,1.46,0.29,1.0645833333333334
3,9,6,4,1.9,4,1.12,0.32,1.0991666666666666
4,9,6,4,-3.5,5,1.54,1.02,1.1500000000000001
4,9,6,4,6.4,3,1.05,1.24,1.1512499999999999
5,9,6,4,25.4,5,1.21,1.17,1.15
5,9,6,4,17.2,4,0.95,1.86,1.1408333333333334
6,9,6,4,15.5,4,1.1,0.6,1.1091666666666666
7,9,6,4,17.6,4,0.66,0.42,1.1116666666666666
9,9,6,4,-5.9,5,1.21,1.39,1.1445833333333335
10,9,6,4,-5.8,5,1.7,1.18,1.1575
10,9,6,4,12.8,2,0.59,1.22,1.1329166666666668
10,9,6,4,-9.9,2,1.63,1.33,1.15
11,9,6,4,13.3,5,0.79,0.99,1.1275000000000002
11,9,6,4,-10.0,4,0.44,0.67,1.1045833333333333
12,9,6,4,-5.7,4,0.42,1.38,1.0941666666666667
13,9,6,4,-2.7,3,0.26,1.67,1.0475
16,9,6,4,3.0,1,1.96,1.31,1.0595833333333333
16,9,6,4,20.9,2,1.5,1.66,1.0675000000000001
17,9,6,4,-8.7,2,0.83,0.35,1.0329166666666667
18,9,6,4,-2.8,3,0.67,1.65,1.04625
19,9,6,4,-3.0,4,0.46,1.2,0.9966666666666667
19,9,6,4,35.1,1,1.04,0.92,0.9900000000000001
20,9,6,4,-0.4,2,1.62,0.25,1.0191666666666668
20,9,6,4,4.7,3,0.4,1.46,1.0254166666666666
20,9,6,4,34.9,1,1.41,1.12,1.0233333333333332
21,9,6,4,24.7,5,1.73,1.54,1.04875
23,9,6,4,31.8,1,0.36,1.05,0.9995833333333333
0,10,0,4,37.2,1,1.08,1.21,1.0008333333333335
0,10,0,4,31.0,3,1.1,0.95,0.99625
1,10,0,4,23.3,1,0.96,1.1,0.9966666666666667
1,10,0,4,-4.1,1,0.92,0.66,0.9891666666666667
5,10,0,4,15.9,3,1.28,1.21,1.015
5,10,0,4,2.3,2,0.76,1.7,0.99625
6,10,0,4,12.4,1,0.38,0.59,0.94125
6,10,0,4,3.2,3,1.21,1.63,0.9670833333333334
7,10,0,4,5.4,2,1.54,0.79,0.9633333333333334
8,10,0,4,-9.0,3,0.71,0.44,0.96
9,10,0,4,-5.8,5,1.46,0.42,1.0025000000000002
10,10,0,4,19.1,2,1.43,0.26,1.0445833333333334
10,10,0,4,9.2,3,1.64,1.96,1.1020833333333335
11,10,0,4,14.0,4,0.23,1.5,1.03
12,10,0,4,-5.1,3,1.98,0.83,1.05
12,10,0,4,35.0,5,0.61,0.67,1.0408333333333333
12,10,0,4,8.7,5,0.21,0.46,1.0216666666666667
13,10,0,4,0.5,1,0.83,1.04,1.0370833333333334
14,10,0,4,3.2,4,0.87,1.62,1.03
15,10,0,4,9.2,1,1.99,0.4,1.0454166666666667
15,10,0,4,-8.4,3,0.87,1.41,1.065
18,10,0,4,27.9,1,1.53,1.73,1.07
20,10,0,4,-6.5,3,1.19,0.36,1.0475
20,10,0,4,14.9,5,1.56,1.08,1.0975
21,10,0,4,-6.1,4,1.48,1.1,1.1141666666666665
23,10,0,4,-0.5,5,0.91,0.96,1.10625
23,10,0,4,-7.8,3,1.77,0.92,1.14
0,11,1,4,20.7,5,1.47,1.28,1.1629166666666666
0,11,1,4,32.1,4,0.37,0.76,1.125
2,11,1,4,12.9,5,1.19,0.38,1.1429166666666666
4,11,1,4,25.7,3,1.63,1.21,1.195
4,11,1,4,0.4,1,0.42,1.54,1.1620833333333334
5,11,1,4,19.9,1,1.34,0.71,1.15375
5,11,1,4,-9.1,5,1.86,1.46,1.2016666666666667
6,11,1,4,9.0,3,0.93,1.43,1.1795833333333332
8,11,1,4,39.6,3,0.68,1.64,1.1483333333333332
9,11,1,4,-7.6,2,1.29,0.23,1.13375
9,11,1,4,7.5,4,0.64,1.98,1.1508333333333334
11,11,1,4,38.8,1,1.33,0.61,1.12375
12,11,1,4,21.6,1,1.16,0.21,1.1466666666666667
12,11,1,4,19.1,1,0.34,0.83,1.1520833333333333
15,11,1,4,37.5,1,0.94,0.87,1.1566666666666665
17,11,1,4,31.8,2,1.62,1.99,1.1879166666666667
18,11,1,4,-1.9,4,0.24,0.87,1.115
18,11,1,4,28.1,1,1.22,1.53,1.1295833333333334
19,11,1,4,19.2,5,0.62,1.19,1.0916666666666666
20,11,1,4,19.7,1,0.7,1.56,1.07125
20,11,1,4,11.4,1,1.09,1.48,1.0516666666666667
22,11,1,4,19.3,1,0.7,0.91,1.0191666666666668
0,12,2,4,12.7,3,0.77,1.77,1.0133333333333334
0,12,2,4,-1.2,1,1.86,1.47,1.0170833333333333
1,12,2,4,32.2,3,1.04,0.37,0.9991666666666666
1,12,2,4,38.3,2,0.28,1.19,0.9954166666666667
2,12,2,4,-6.8,1,0.23,1.63,0.9554166666666667
3,12,2,4,0.9,4,0.78,0.42,0.92
4,12,2,4,22.1,2,0.88,1.34,0.9391666666666666
4,12,2,4,25.5,3,1.74,1.86,0.9558333333333332
5,12,2,4,-9.0,2,1.78,0.93,0.9525
6,12,2,4,22.5,2,0.99,0.68,0.9550000000000001
6,12,2,4,16.4,2,0.68,1.29,0.9550000000000001
8,12,2,4,15.5,5,0.68,0.64,0.9295833333333334
10,12,2,4,23.1,2,0.74,1.33,0.93375
10,12,2,4,-6.7,4,0.43,1.16,0.8962499999999999
10,12,2,4,26.6,5,0.82,0.34,0.8820833333333334
10,12,2,4,2.6,3,0.95,0.94,0.9075000000000001
11,12,2,4,33.1,2,0.92,1.62,0.9066666666666667
11,12,2,4,22.3,1,1.29,0.24,0.8929166666666667
13,12,2,4,13.1,2,1.98,1.22,0.9654166666666667
14,12,2,4,1.9,3,1.25,0.62,0.9666666666666667
16,12,2,4,19.9,4,1.25,0.7,0.9929166666666668
17,12,2,4,30.2,1,1.87,1.09,1.0416666666666667
20,12,2,4,34.7,4,1.45,0.7,1.0566666666666666
20,12,2,4,-2.3,4,1.29,0.77,1.08125
21,12,2,4,8.2,3,1.27,1.86,1.1020833333333333
21,12,2,4,12.2,1,1.45,1.04,1.085
21,12,2,4,-2.2,2,1.15,0.28,1.0895833333333333
21,12,2,4,2.6,5,1.13,0.23,1.125
21,12,2,4,25.3,2,1.92,0.78,1.1954166666666668
21,12,2,4,22.7,2,0.78,0.88,1.1954166666666666
23,12,2,4,3.8,2,0.61,1.74,1.1841666666666666
0,13,3,4,6.2,1,1.11,1.78,1.1579166666666667
1,13,3,4,1.3,1,1.04,0.99,1.1270833333333334
3,13,3,4,21.7,5,0.29,0.68,1.0979166666666667
3,13,3,4,3.9,4,1.34,0.68,1.1254166666666665
3,13,3,4,22.7,1,0.48,0.74,1.1170833333333332
6,13,3,4,8.6,4,0.5,0.43,1.1070833333333334
7,13,3,4,20.3,5,0.93,0.82,1.1279166666666667
7,13,3,4,30.7,3,0.99,0.95,1.135
9,13,3,4,39.6,4,1.55,0.92,1.16
10,13,3,4,-9.9,2,0.89,1.29,1.15875
11,13,3,4,15.6,1,1.55,1.98,1.1695833333333334
11,13,3,4,12.1,3,1.31,1.25,1.1416666666666666
11,13,3,4,-0.5,2,1.48,1.25,1.1512499999999999
13,13,3,4,38.6,2,1.55,1.87,1.16375
14,13,3,4,12.7,3,1.85,1.45,1.1629166666666666
14,13,3,4,13.7,3,0.28,1.29,1.1141666666666665
15,13,3,4,36.2,2,1.32,1.27,1.1154166666666667
16,13,3,4,-8.9,5,0.29,1.45,1.0745833333333334
17,13,3,4,32.5,3,0.65,1.15,1.04125
18,13,3,4,-2.1,5,1.36,1.13,1.05
18,13,3,4,19.4,2,0.99,1.92,1.0441666666666667
18,13,3,4,21.6,2,1.73,0.78,1.03625
20,13,3,4,29.7,1,0.73,0.61,1.0341666666666667
21,13,3,4,2.7,4,1.64,1.11,1.0770833333333334
21,13,3,4,24.4,4,1.42,1.04,1.09
22,13,3,4,17.6,5,0.78,0.29,1.0791666666666666
22,13,3,4,-3.0,5,0.92,1.34,1.1054166666666667
23,13,3,4,-9.7,1,1.26,0.48,1.1020833333333333
0,14,4,4,-7.4,4,1.91,0.5,1.1616666666666666
0,14,4,4,25.9,2,1.39,0.93,1.19875
2,14,4,4,36.9,4,1.35,0.99,1.21625
2,14,4,4,3.3,4,1.51,1.55,1.2379166666666666
2,14,4,4,4.8,4,1.55,0.89,1.2379166666666668
2,14,4,4,35.4,5,0.59,1.55,1.2254166666666666
3,14,4,4,13.6,4,0.21,1.31,1.1695833333333334
3,14,4,4,19.3,2,1.57,1.48,1.1804166666666667
3,14,4,4,24.5,4,1.98,1.55,1.2012500000000002
4,14,4,4,5.0,3,1.33,1.85,1.1920833333333334
4,14,4,4,19.3,3,1.55,0.28,1.1795833333333332
5,14,4,4,14.2,2,0.27,1.32,1.1791666666666667
5,14,4,4,37.3,2,0.25,0.29,1.1345833333333333
5,14,4,4,21.8,3,0.38,0.65,1.1383333333333332
5,14,4,4,6.2,1,0.31,1.36,1.1241666666666668
5,14,4,4,2.8,2,1.65,0.99,1.13625
6,14,4,4,17.3,4,1.38,1.73,1.1524999999999999
6,14,4,4,29.9,3,0.52,0.73,1.1020833333333335
8,14,4,4,14.5,3,0.54,1.64,1.0941666666666667
8,14,4,4,39.7,2,1.83,1.42,1.1020833333333333
10,14,4,4,18.8,1,0.52,0.78,1.0645833333333332
11,14,4,4,33.9,2,0.44,0.92,1.0504166666666668
13,14,4,4,27.5,3,0.92,1.26,1.0504166666666668
13,14,4,4,-3.3,1,1.17,1.91,1.0466666666666666
14,14,4,4,33.9,1,1.24,1.39,1.01875
15,14,4,4,21.4,4,0.26,1.35,0.9716666666666667
15,14,4,4,17.2,4,1.59,1.51,0.9816666666666666
17,14,4,4,-6.2,3,1.41,1.55,0.9775
17,14,4,4,25.7,4,1.87,0.59,0.9908333333333333
18,14,4,4,32.2,3,2.0,0.21,1.0495833333333333
18,14,4,4,18.2,5,0.52,1.57,1.0625
18,14,4,4,21.6,5,0.32,1.98,1.0104166666666667
18,14,4,4,30.6,1,1.97,1.33,1.01
19,14,4,4,-5.8,4,1.26,1.55,1.0070833333333333
20,14,4,4,-8.4,5,1.75,0.27,1.0154166666666666
21,14,4,4,34.1,1,1.39,0.25,1.0620833333333335
22,14,4,4,15.5,2,0.63,0.38,1.0779166666666666
22,14,4,4,12.9,4,1.41,0.31,1.1208333333333333
22,14,4,4,0.4,3,0.31,1.65,1.1208333333333333
23,14,4,4,-6.3,2,0.27,1.38,1.0633333333333332
23,14,4,4,18.0,4,1.35,0.52,1.0620833333333335
2,15,5,4,9.9,3,0.36,0.54,1.0554166666666667
2,15,5,4,10.0,2,0.99,1.83,1.0741666666666667
2,15,5,4,-3.3,2,1.55,0.52,1.0625
3,15,5,4,-7.1,2,0.34,0.44,1.055
4,15,5,4,31.4,5,1.28,0.92,1.09
5,15,5,4,4.0,1,0.99,1.17,1.0929166666666668
6,15,5,4,28.9,3,1.8,1.24,1.1191666666666666
7,15,5,4,32.8,1,1.09,0.26,1.1129166666666666
7,15,5,4,37.7,2,1.85,1.59,1.1791666666666667
8,15,5,4,-0.5,1,0.91,1.41,1.1508333333333334
10,15,5,4,19.0,2,1.68,1.87,1.1620833333333334
10,15,5,4,17.6,2,1.2,2.0,1.1341666666666665
12,15,5,4,16.6,5,0.8,0.52,1.0841666666666667
15,15,5,4,30.1,3,1.84,0.32,1.1391666666666667
16,15,5,4,24.0,1,0.78,1.97,1.1583333333333334
18,15,5,4,16.2,1,1.31,1.26,1.1308333333333334
20,15,5,4,24.3,1,0.96,1.75,1.1183333333333334
21,15,5,4,25.7,3,1.25,1.39,1.0975
22,15,5,4,-9.4,1,1.86,0.63,1.1170833333333332
22,15,5,4,-2.2,5,0.25,1.41,1.10125
23,15,5,4,-9.3,5,1.71,0.31,1.11375
23,15,5,4,-10.0,1,1.09,0.27,1.14625
23,15,5,4,-6.2,1,1.7,1.35,1.2058333333333333
0,16,6,4,-3.9,4,0.56,0.36,1.1729166666666668
0,16,6,4,37.3,2,0.61,0.99,1.1833333333333333
1,16,6,4,27.1,4,0.92,1.55,1.1804166666666667
3,16,6,4,26.0,3,1.24,0.34,1.1675000000000002
4,16,6,4,24.9,5,0.99,1.28,1.1945833333333333
4,16,6,4,36.0,2,0.47,0.99,1.1608333333333334
5,16,6,4,-8.9,2,1.19,1.8,1.1691666666666667
7,16,6,4,24.0,1,1.88,1.09,1.1725
7,16,6,4,-5.4,1,0.29,1.85,1.1391666666666669
7,16,6,4,21.5,2,0.47,0.91,1.0816666666666668
7,16,6,4,-1.7,5,1.72,1.68,1.1154166666666667
8,16,6,4,32.7,5,0.47,1.2,1.0650000000000002
8,16,6,4,-2.9,5,0.37,0.8,1.0304166666666668
9,16,6,4,25.9,1,1.89,1.84,1.0758333333333334
9,16,6,4,-9.4,1,1.05,0.78,1.0429166666666667
9,16,6,4,-7.2,1,1.89,1.31,1.0891666666666666
9,16,6,4,24.0,2,1.25,0.96,1.0866666666666667
10,16,6,4,17.4,3,1.43,1.25,1.10625
11,16,6,4,36.7,3,0.54,1.86,1.0766666666666667
11,16,6,4,-5.8,2,0.85,0.25,1.0345833333333334
11,16,6,4,16.5,5,1.42,1.71,1.0833333333333333
11,16,6,4,39.9,5,0.69,1.09,1.0408333333333333
12,16,6,4,29.4,3,1.2,1.7,1.0454166666666667
13,16,6,4,18.1,3,1.65,0.56,1.0433333333333332
14,16,6,4,12.4,3,1.17,0.61,1.0687499999999999
15,16,6,4,26.5,2,1.88,0.92,1.1216666666666666
17,16,6,4,25.8,2,1.69,1.24,1.15375
18,16,6,4,2.1,3,0.42,0.99,1.1195833333333332
19,16,6,4,-3.4,3,0.72,0.47,1.1083333333333332
20,16,6,4,22.3,1,0.29,1.19,1.1008333333333333
21,16,6,4,37.6,5,1.36,1.88,1.1079166666666667
21,16,6,4,21.5,4,1.4,0.29,1.0879166666666666
21,16,6,4,36.5,3,1.35,0.47,1.1320833333333333
21,16,6,4,38.4,1,0.41,1.72,1.1295833333333334
22,16,6,4,35.1,5,1.01,0.47,1.0999999999999999
22,16,6,4,18.9,4,1.22,0.37,1.13125
23,16,6,4,27.4,4,0.78,1.89,1.1483333333333332
0,17,0,4,9.7,3,1.34,1.05,1.1254166666666665
0,17,0,4,7.5,4,0.57,1.89,1.1054166666666665
0,17,0,4,30.4,5,0.21,1.25,1.0354166666666667
1,17,0,4,11.1,2,0.9,1.43,1.0208333333333333
1,17,0,4,11.8,2,1.18,0.54,1.0104166666666667
1,17,0,4,20.6,3,1.71,0.85,1.0591666666666666
4,17,0,4,8.5,2,0.64,1.42,1.0504166666666666
5,17,0,4,14.0,1,1.48,0.69,1.0529166666666667
5,17,0,4,26.9,3,0.36,1.2,1.0391666666666666
8,17,0,4,16.4,5,1.56,1.65,1.0541666666666665
8,17,0,4,16.0,2,1.64,1.17,1.05375
9,17,0,4,29.5,5,1.53,1.88,1.0687499999999999
9,17,0,4,29.7,2,1.14,1.69,1.0379166666666666
11,17,0,4,36.4,1,0.45,0.42,0.98625
12,17,0,4,8.6,2,1.7,0.72,1.0395833333333333
13,17,0,4,34.2,5,1.74,0.29,1.0820833333333335
13,17,0,4,27.0,1,1.85,1.36,1.1470833333333332
14,17,0,4,10.8,2,0.39,1.4,1.1066666666666667
14,17,0,4,17.2,5,0.73,1.35,1.07875
15,17,0,4,36.2,1,0.39,0.41,1.03875
16,17,0,4,21.9,3,1.29,1.01,1.0754166666666667
18,17,0,4,9.8,1,1.42,1.22,1.0925
19,17,0,4,34.6,2,1.1,0.78,1.0875
19,17,0,4,0.4,5,1.99,1.34,1.1379166666666667
20,17,0,4,-1.9,5,0.23,0.57,1.0916666666666668
21,17,0,4,-2.3,1,1.03,0.21,1.1108333333333333
22,17,0,4,-4.1,3,1.01,0.9,1.1441666666666668
22,17,0,4,32.9,2,1.11,1.18,1.1529166666666668
23,17,0,4,2.5,2,1.26,1.71,1.15625
1,18,1,4,39.3,5,1.72,0.64,1.1566666666666667
1,18,1,4,20.3,2,1.33,1.48,1.1854166666666666
2,18,1,4,31.3,3,0.64,0.36,1.1504166666666666
2,18,1,4,-5.9,4,1.57,1.56,1.2008333333333334
3,18,1,4,2.7,3,1.5,1.64,1.1983333333333333
3,18,1,4,18.4,4,0.88,1.53,1.1666666666666667
4,18,1,4,-4.7,4,1.58,1.14,1.16875
4,18,1,4,7.8,3,1.17,0.45,1.17
6,18,1,4,11.7,3,1.19,1.7,1.2008333333333334
8,18,1,4,-7.6,5,0.56,1.74,1.1533333333333333
9,18,1,4,20.2,1,0.42,1.85,1.0983333333333334
10,18,1,4,7.4,1,1.09,0.39,1.0666666666666667
12,18,1,4,2.3,1,1.67,0.73,1.1199999999999999
13,18,1,4,-8.3,2,0.76,0.39,1.12125
14,18,1,4,21.2,4,1.93,1.29,1.1854166666666666
18,18,1,4,-10.0,1,1.66,1.42,1.2008333333333334
19,18,1,4,12.9,3,0.91,1.1,1.1795833333333332
19,18,1,4,29.9,1,1.77,1.99,1.2075
20,18,1,4,17.5,4,1.33,0.23,1.18
23,18,1,4,1.4,3,0.85,1.03,1.2058333333333333
23,18,1,4,35.5,2,1.26,1.01,1.2154166666666668
2,19,2,4,-9.0,3,0.48,1.11,1.1933333333333334
2,19,2,4,-2.3,5,0.87,1.26,1.1833333333333333
2,19,2,4,29.9,1,0.37,1.72,1.14625
3,19,2,4,-8.6,1,0.45,1.33,1.0933333333333333
4,19,2,4,31.6,4,0.36,0.64,1.0529166666666667
4,19,2,4,31.8,2,0.44,1.57,1.0445833333333334
4,19,2,4,8.0,5,0.47,1.5,0.9987499999999999
5,19,2,4,9.6,3,1.6,0.88,1.0029166666666667
7,19,2,4,18.8,4,1.15,1.58,1.0141666666666667
7,19,2,4,8.9,1,1.63,1.17,1.01625
9,19,2,4,14.7,1,1.7,1.19,1.0383333333333333
9,19,2,4,6.6,1,0.56,0.56,1.0120833333333332
10,19,2,4,34.9,3,1.21,0.42,1.0391666666666668
10,19,2,4,-9.3,3,1.15,1.09,1.0695833333333333
10,19,2,4,21.3,2,0.54,1.67,1.0466666666666666
12,19,2,4,33.8,1,0.81,0.76,1.0108333333333335
12,19,2,4,14.4,4,0.57,1.93,1.0029166666666667
13,19,2,4,5.4,3,1.28,1.66,0.9758333333333334
14,19,2,4,26.3,3,1.33,0.91,0.9620833333333333
14,19,2,4,-8.8,2,0.48,1.77,0.9441666666666667
15,19,2,4,0.8,1,0.63,1.33,0.8966666666666666
16,19,2,4,26.1,3,1.18,0.85,0.8904166666666665
17,19,2,4,17.2,2,1.21,1.26,0.9054166666666666
17,19,2,4,4.5,2,0.8,0.48,0.88625
17,19,2,4,8.6,5,1.0,0.87,0.9079166666666666
18,19,2,4,22.0,4,0.48,0.37,0.8916666666666667
18,19,2,4,3.6,4,0.7,0.45,0.9054166666666666
18,19,2,4,12.1,1,1.93,0.36,0.9670833333333334
19,19,2,4,4.3,4,1.82,0.44,1.0279166666666668
19,19,2,4,31.8,2,1.29,0.47,1.0633333333333332
19,19,2,4,33.8,1,1.79,1.6,1.1183333333333334
20,19,2,4,-3.3,5,1.69,1.15,1.1220833333333333
22,19,2,4,7.9,5,1.88,1.63,1.1525
22,19,2,4,1.5,1,0.63,1.7,1.1108333333333333
23,19,2,4,-2.4,1,1.69,0.56,1.1104166666666666
23,19,2,4,32.8,3,1.66,1.21,1.15625
23,19,2,4,23.5,5,1.8,1.15,1.1808333333333334
2,20,3,4,-2.2,1,0.67,0.54,1.1608333333333334
2,20,3,4,7.1,3,1.49,0.81,1.2004166666666667
2,20,3,4,36.7,1,1.36,0.57,1.2233333333333334
3,20,3,4,-2.9,2,1.31,1.28,1.2541666666666667
6,20,3,4,23.1,4,1.55,1.33,1.2654166666666666
6,20,3,4,-2.9,3,1.56,0.48,1.2750000000000001
7,20,3,4,27.1,4,0.77,0.63,1.2870833333333334
8,20,3,4,21.2,2,0.66,1.18,1.2883333333333333
8,20,3,4,29.5,4,0.26,1.21,1.25
9,20,3,4,6.0,4,0.26,0.8,1.2104166666666667
10,20,3,4,29.2,5,0.2,1.0,1.1854166666666666
10,20,3,4,26.8,3,0.74,0.48,1.1745833333333333
10,20,3,4,7.4,5,1.68,0.7,1.2245833333333334
11,20,3,4,-6.6,4,1.09,1.93,1.2408333333333335
12,20,3,4,32.3,2,1.31,1.82,1.215
12,20,3,4,20.9,2,1.06,1.29,1.1833333333333333
14,20,3,4,26.3,5,1.71,1.79,1.2008333333333334
14,20,3,4,4.1,4,1.88,1.69,1.2045833333333333
14,20,3,4,31.0,3,0.62,1.88,1.16
16,20,3,4,36.2,2,0.78,0.63,1.1141666666666667
18,20,3,4,17.6,4,1.67,1.69,1.1575
18,20,3,4,-6.8,5,1.99,1.66,1.1700000000000002
20,20,3,4,38.1,5,1.13,1.8,1.1479166666666667
20,20,3,4,4.5,2,1.76,0.67,1.14625
20,20,3,4,30.9,4,0.95,1.49,1.1579166666666667
21,20,3,4,39.6,4,0.56,1.36,1.1191666666666666
22,20,3,4,-6.2,2,1.95,1.31,1.14375
0,21,4,4,-4.5,4,1.27,1.55,1.1420833333333333
2,21,4,4,27.0,2,1.37,1.56,1.1345833333333333
3,21,4,4,14.3,5,0.91,0.77,1.1075
5,21,4,4,22.3,1,0.68,0.66,1.10375
5,21,4,4,19.7,2,1.03,0.26,1.1191666666666666
5,21,4,4,-9.4,4,0.34,0.26,1.1225
6,21,4,4,4.2,3,0.71,0.2,1.14125
7,21,4,4,33.8,4,1.5,0.74,1.1954166666666668
7,21,4,4,31.3,2,1.5,1.68,1.2270833333333335
8,21,4,4,14.7,5,1.13,1.09,1.2041666666666666
9,21,4,4,5.9,1,1.31,1.31,1.2133333333333332
11,21,4,4,8.0,2,0.57,1.06,1.1824999999999999
11,21,4,4,24.0,5,1.29,1.71,1.1920833333333334
11,21,4,4,9.0,2,1.34,1.88,1.1766666666666667
13,21,4,4,-1.9,5,0.25,0.62,1.1087500000000001
14,21,4,4,17.7,2,0.86,0.78,1.1187500000000001
15,21,4,4,-7.7,4,0.33,1.67,1.0999999999999999
15,21,4,4,38.6,1,1.88,1.99,1.10875
16,21,4,4,30.1,1,1.11,1.13,1.0720833333333333
20,21,4,4,18.6,2,0.5,1.76,1.0458333333333334
21,21,4,4,39.4,1,1.34,0.95,1.0283333333333335
22,21,4,4,7.8,3,0.86,0.56,1.0245833333333334
22,21,4,4,12.6,4,0.43,1.95,1.0191666666666668
23,21,4,4,-0.2,5,1.42,1.27,0.9970833333333333
0,22,5,4,17.8,2,1.88,1.37,1.0225000000000002
0,22,5,4,13.8,5,0.77,0.91,0.9975
2,22,5,4,36.0,5,1.38,0.68,1.0170833333333333
4,22,5,4,4.0,3,0.67,1.03,1.0166666666666668
6,22,5,4,8.3,4,1.82,0.34,1.0495833333333333
6,22,5,4,3.0,1,0.37,0.71,1.0508333333333333
7,22,5,4,-3.2,3,0.47,1.5,1.0408333333333333
8,22,5,4,37.1,3,1.07,1.5,1.0229166666666665
9,22,5,4,34.1,2,0.64,1.13,0.9870833333333332
10,22,5,4,39.6,2,1.51,1.31,1.0029166666666667
10,22,5,4,-7.3,2,0.51,0.57,0.9695833333333334
13,22,5,4,31.3,3,0.68,1.29,0.9741666666666667
14,22,5,4,16.1,3,1.12,1.34,0.9670833333333334
14,22,5,4,21.8,2,0.93,0.25,0.9499999999999998
15,22,5,4,1.2,5,1.24,0.86,0.99125
15,22,5,4,27.6,5,0.76,0.33,0.9870833333333332
15,22,5,4,18.3,5,1.95,1.88,1.0545833333333334
15,22,5,4,0.8,2,0.85,1.11,1.0116666666666667
16,22,5,4,24.3,1,0.63,0.5,0.9916666666666666
17,22,5,4,22.4,3,1.32,1.34,1.0258333333333332
17,22,5,4,29.8,5,1.54,0.86,1.0341666666666667
17,22,5,4,-9.1,4,1.49,0.43,1.0604166666666666
18,22,5,4,4.5,2,0.25,1.42,1.0529166666666667
19,22,5,4,25.1,5,0.79,1.88,1.0266666666666666
20,22,5,4,25.4,1,1.99,0.77,1.03125
20,22,5,4,0.7,1,1.49,1.38,1.06125
21,22,5,4,12.0,5,0.51,0.67,1.0250000000000001
22,22,5,4,-6.5,5,0.24,1.82,1.0070833333333333
22,22,5,4,9.3,5,1.71,0.37,1.0025000000000002
22,22,5,4,23.7,1,0.61,0.47,1.0125
23,22,5,4,37.7,3,0.86,1.07,1.0287499999999998
0,23,6,4,-7.0,2,0.95,0.64,1.02375
1,23,6,4,26.4,2,0.56,1.51,1.0204166666666667
2,23,6,4,8.5,3,1.25,0.51,1.0095833333333333
3,23,6,4,30.5,5,0.37,0.68,1.00375
5,23,6,4,14.8,3,0.83,1.12,1.01
5,23,6,4,21.0,5,1.76,0.93,1.0366666666666668
7,23,6,4,-6.2,1,1.53,1.24,1.0616666666666668
8,23,6,4,35.5,4,1.32,0.76,1.065
8,23,6,4,34.8,4,0.93,1.95,1.0720833333333333
9,23,6,4,-1.6,3,1.95,0.85,1.0720833333333333
11,23,6,4,-7.8,2,1.44,0.63,1.0966666666666667
12,23,6,4,32.5,3,1.23,1.32,1.1216666666666668
13,23,6,4,31.1,1,0.78,1.54,1.0991666666666668
14,23,6,4,-5.7,2,0.39,1.49,1.0512499999999998
15,23,6,4,-9.1,5,1.03,0.25,1.0320833333333332
15,23,6,4,-2.9,5,1.38,0.79,1.0791666666666666
15,23,6,4,13.7,3,0.37,1.99,1.0616666666666668
16,23,6,4,15.1,1,0.88,1.49,1.0154166666666666
16,23,6,4,31.9,5,1.81,0.51,1.02875
17,23,6,4,30.3,5,1.93,0.24,1.0879166666666666
18,23,6,4,30.2,5,0.97,1.71,1.1183333333333334
18,23,6,4,18.4,2,0.33,0.61,1.0608333333333333
18,23,6,4,31.2,5,1.28,0.86,1.0887499999999999
19,23,6,4,0.3,4,0.27,0.95,1.0641666666666667
19,23,6,4,17.1,4,0.95,0.56,1.0641666666666667
20,23,6,4,9.2,1,1.12,1.25,1.0875
20,23,6,4,1.2,5,1.4,0.37,1.09375
20,23,6,4,3.1,2,0.86,0.83,1.1141666666666667
21,23,6,4,-3.1,1,0.53,1.76,1.1016666666666668
22,23,6,4,33.4,1,1.86,1.53,1.1058333333333332
23,23,6,4,4.8,3,1.01,1.32,1.0841666666666667
23,23,6,4,18.0,4,0.44,0.93,1.0475
4,24,0,4,2.4,5,1.72,1.95,1.0804166666666666
8,24,0,4,8.7,5,0.84,1.44,1.0341666666666667
8,24,0,4,-6.3,3,1.57,1.23,1.0395833333333333
9,24,0,4,-0.6,4,0.97,0.78,1.02875
9,24,0,4,18.4,5,0.81,0.39,1.03
11,24,0,4,28.8,5,1.92,1.03,1.09375
12,24,0,4,26.6,4,0.37,1.38,1.06625
13,24,0,4,22.5,3,1.9,0.37,1.0879166666666666
13,24,0,4,-9.9,1,0.62,0.88,1.0983333333333334
14,24,0,4,-9.1,5,0.99,1.81,1.1029166666666668
15,24,0,4,29.1,3,0.31,1.93,1.0404166666666665
15,24,0,4,-9.2,1,0.4,0.97,0.9766666666666666
15,24,0,4,36.5,4,0.23,0.33,0.9458333333333333
16,24,0,4,23.9,2,1.01,1.28,0.9741666666666666
16,24,0,4,10.6,5,1.02,0.27,0.9633333333333334
18,24,0,4,15.0,2,1.89,0.95,1.0308333333333335
21,24,0,4,2.0,2,1.51,1.12,1.0541666666666665
21,24,0,4,14.1,2,1.01,1.4,1.0495833333333333
22,24,0,4,32.1,4,1.86,0.86,1.0687499999999999
22,24,0,4,-8.4,3,1.1,0.53,1.07875
23,24,0,4,28.4,3,1.78,1.86,1.1308333333333331
1,25,1,4,-7.2,4,1.48,1.01,1.115
2,25,1,4,-8.0,3,0.98,0.44,1.11375
4,25,1,4,-8.8,1,0.22,1.72,1.1045833333333335
5,25,1,4,26.7,1,0.6,0.84,1.0579166666666666
5,25,1,4,21.6,2,0.93,1.57,1.0616666666666668
6,25,1,4,19.6,5,0.84,0.97,1.03125
6,25,1,4,22.3,5,1.07,0.81,1.0354166666666667
6,25,1,4,-2.6,2,1.84,1.92,1.0783333333333334
8,25,1,4,24.4,1,0.86,0.37,1.0341666666666667
8,25,1,4,-9.0,5,0.78,1.9,1.05125
9,25,1,4,-7.6,5,1.12,0.62,1.01875
9,25,1,4,-7.4,2,0.51,0.99,1.0141666666666667
9,25,1,4,-2.5,3,1.77,0.31,1.0466666666666666
9,25,1,4,-2.5,4,0.63,0.4,1.06
10,25,1,4,11.8,3,0.44,0.23,1.0616666666666668
10,25,1,4,38.4,2,1.15,1.01,1.1
11,25,1,4,14.8,1,0.48,1.02,1.0779166666666666
11,25,1,4,27.5,2,0.74,1.89,1.06625
12,25,1,4,11.5,1,1.7,1.51,1.0583333333333333
14,25,1,4,-0.5,3,1.14,1.01,1.0429166666666667
16,25,1,4,-6.8,3,1.84,1.86,1.0775
17,25,1,4,20.2,5,1.59,1.1,1.06625
17,25,1,4,38.4,1,0.77,1.78,1.0525
18,25,1,4,31.4,1,1.22,1.48,1.0291666666666668
18,25,1,4,36.4,4,1.28,0.98,1.0208333333333333
20,25,1,4,2.3,5,0.85,0.22,1.0154166666666666
20,25,1,4,31.9,1,1.02,0.6,1.0487499999999998
22,25,1,4,27.5,3,1.61,0.93,1.0908333333333333
22,25,1,4,22.2,5,1.81,0.84,1.1275000000000002
22,25,1,4,8.4,1,1.68,1.07,1.1625
22,25,1,4,-3.4,4,0.71,1.84,1.1475
23,25,1,4,35.9,1,0.25,0.86,1.08125
0,26,2,4,21.0,4,0.7,0.78,1.0745833333333334
0,26,2,4,20.1,2,0.65,1.12,1.0691666666666666
2,26,2,4,18.9,1,0.7,0.51,1.0516666666666665
3,26,2,4,4.0,2,1.29,1.77,1.0841666666666667
3,26,2,4,-4.6,2,1.45,0.63,1.0708333333333335
4,26,2,4,21.8,5,0.92,0.44,1.0829166666666665
4,26,2,4,-9.8,4,1.74,1.15,1.1370833333333332
4,26,2,4,18.2,1,1.37,0.48,1.14625
5,26,2,4,-5.1,1,1.97,0.74,1.2083333333333333
6,26,2,4,31.3,5,0.79,1.7,1.2104166666666667
6,26,2,4,12.4,5,0.54,1.14,1.1620833333333334
7,26,2,4,25.9,5,1.63,1.84,1.1824999999999999
8,26,2,4,26.7,3,0.23,1.59,1.1154166666666667
8,26,2,4,-2.5,1,1.88,0.77,1.1275
9,26,2,4,25.0,3,1.43,1.22,1.155
9,26,2,4,-3.6,2,0.66,1.28,1.1316666666666666
10,26,2,4,-2.6,3,0.42,0.85,1.0958333333333334
11,26,2,4,18.2,5,0.88,1.02,1.0970833333333332
11,26,2,4,-7.9,2,1.21,1.61,1.105
11,26,2,4,29.9,3,0.58,1.81,1.0620833333333333
12,26,2,4,23.3,4,1.47,1.68,1.0479166666666666
12,26,2,4,4.8,2,0.81,0.71,1.0116666666666665
12,26,2,4,-6.8,2,0.61,0.25,1.0075
12,26,2,4,11.6,4,1.56,0.7,1.0620833333333335
13,26,2,4,35.1,1,0.85,0.65,1.0683333333333331
13,26,2,4,4.7,2,0.4,0.7,1.0579166666666666
14,26,2,4,10.3,3,1.44,1.29,1.0887499999999999
15,26,2,4,9.4,1,1.63,1.45,1.1029166666666665
16,26,2,4,-1.5,5,1.08,0.92,1.0875
17,26,2,4,31.1,5,1.51,1.74,1.1120833333333333
18,26,2,4,29.5,4,1.42,1.37,1.0987500000000001
19,26,2,4,28.9,5,0.53,1.97,1.06375
20,26,2,4,14.4,2,0.34,0.79,0.9958333333333332
20,26,2,4,-0.9,5,1.55,0.54,1.0275
21,26,2,4,30.1,3,1.4,1.63,1.0633333333333332
21,26,2,4,16.3,4,1.03,0.23,1.0383333333333333
22,26,2,4,10.5,5,0.38,1.88,1.0445833333333334
22,26,2,4,11.1,4,0.77,1.43,0.9983333333333334
0,27,3,4,27.0,2,1.86,0.66,1.01625
2,27,3,4,19.3,1,1.03,0.42,1.0316666666666667
4,27,3,4,8.8,2,0.38,0.88,1.03
5,27,3,4,25.7,1,1.67,1.21,1.0629166666666667
5,27,3,4,11.1,1,0.93,0.58,1.05125
6,27,3,4,36.1,2,1.69,1.47,1.0975000000000001
8,27,3,4,38.0,2,1.1,0.81,1.0820833333333333
8,27,3,4,-1.7,2,1.11,0.61,1.0945833333333332
10,27,3,4,1.1,2,1.5,1.56,1.1316666666666666
10,27,3,4,8.3,5,0.51,0.85,1.0879166666666666
10,27,3,4,-0.8,1,0.23,0.4,1.0620833333333335
11,27,3,4,13.8,4,0.23,1.44,1.055
12,27,3,4,22.7,5,1.45,1.63,1.0554166666666667
13,27,3,4,-4.7,5,1.48,1.08,1.0491666666666668
14,27,3,4,11.6,3,0.33,1.51,1.0179166666666666
14,27,3,4,14.3,2,0.89,1.42,0.9920833333333333
15,27,3,4,11.5,5,0.58,0.53,0.9570833333333333
19,27,3,4,-1.9,2,1.08,0.34,0.98
20,27,3,4,36.1,1,1.96,1.55,1.0475
21,27,3,4,-7.1,2,1.54,1.4,1.0470833333333334
21,27,3,4,36.0,3,1.1,1.03,1.0345833333333334
23,27,3,4,32.8,3,1.63,0.38,1.0595833333333333
2,28,4,4,2.0,5,1.37,0.77,1.1008333333333333
3,28,4,4,-3.5,2,0.84,1.86,1.10375
3,28,4,4,0.7,2,0.48,1.03,1.0462500000000001
4,28,4,4,27.6,4,0.44,0.38,1.0216666666666667
4,28,4,4,34.9,1,1.99,1.67,1.08875
5,28,4,4,-1.2,2,0.28,0.93,1.0308333333333333
5,28,4,4,23.4,4,1.11,1.69,1.0383333333333333
6,28,4,4,3.7,5,1.81,1.1,1.0433333333333334
6,28,4,4,13.6,4,1.98,1.11,1.08
7,28,4,4,22.3,2,0.92,1.5,1.0720833333333333
7,28,4,4,14.8,5,1.21,0.51,1.06
8,28,4,4,1.5,5,1.36,0.23,1.0954166666666667
10,28,4,4,-9.6,2,0.33,0.23,1.0995833333333334
11,28,4,4,-6.4,2,1.75,1.45,1.1629166666666666
11,28,4,4,3.3,1,0.36,1.48,1.1175
11,28,4,4,-8.2,1,1.31,0.33,1.1104166666666666
12,28,4,4,5.0,4,1.52,0.89,1.16
12,28,4,4,29.8,3,0.96,0.58,1.1629166666666666
13,28,4,4,31.3,1,0.94,1.08,1.1779166666666667
13,28,4,4,7.4,5,0.91,1.96,1.1708333333333334
13,28,4,4,36.2,1,0.36,1.54,1.1041666666666667
14,28,4,4,39.6,3,1.67,1.1,1.1095833333333334
15,28,4,4,26.3,1,0.41,1.63,1.0808333333333333
16,28,4,4,33.9,2,0.7,1.37,1.0420833333333333
18,28,4,4,38.9,1,1.54,0.84,1.0491666666666666
19,28,4,4,-9.7,1,1.24,0.48,1.0658333333333332
20,28,4,4,-3.6,2,1.33,0.44,1.10125
20,28,4,4,7.0,4,0.59,1.99,1.1075000000000002
21,28,4,4,5.0,4,1.13,0.28,1.0716666666666665
21,28,4,4,13.5,3,1.67,1.11,1.1295833333333334
23,28,4,4,-3.7,2,1.26,1.81,1.1358333333333335
0,29,5,4,2.9,4,0.68,1.98,1.0887499999999999
0,29,5,4,6.1,5,1.08,0.92,1.05125
1,29,5,4,-2.1,2,1.52,1.21,1.0762500000000002
2,29,5,4,18.2,5,0.66,1.36,1.0533333333333335
2,29,5,4,-0.9,1,1.45,0.33,1.0570833333333334
3,29,5,4,6.8,1,1.77,1.75,1.1170833333333332
4,29,5,4,-2.0,4,1.29,0.36,1.0979166666666667
4,29,5,4,39.0,1,1.47,1.31,1.1441666666666668
4,29,5,4,0.3,4,1.57,1.52,1.155
5,29,5,4,18.4,3,0.39,0.96,1.1079166666666667
5,29,5,4,-5.7,2,1.38,0.94,1.1254166666666667
5,29,5,4,-2.1,5,0.74,0.91,1.1170833333333332
8,29,5,4,-9.8,4,0.26,0.36,1.09
9,29,5,4,4.0,4,0.48,1.67,1.095
9,29,5,4,-0.8,4,0.32,0.41,1.03875
10,29,5,4,-5.0,1,0.87,0.7,1.0579166666666666
11,29,5,4,0.7,1,0.62,1.54,1.0545833333333332
11,29,5,4,-0.9,2,1.34,1.24,1.04625
11,29,5,4,25.4,3,0.32,1.33,1.0079166666666668
12,29,5,4,-3.9,1,0.5,0.59,0.9733333333333333
13,29,5,4,-2.4,1,1.0,1.13,0.9904166666666666
13,29,5,4,1.7,4,1.71,1.67,1.0145833333333334
13,29,5,4,12.7,1,0.41,1.26,0.9620833333333333
14,29,5,4,0.9,5,1.51,0.68,0.9725
15,29,5,4,6.7,1,1.57,1.08,1.0095833333333333
16,29,5,4,31.3,3,1.04,1.52,1.0079166666666666
16,29,5,4,26.9,3,1.19,0.66,0.9941666666666666
16,29,5,4,13.8,1,1.46,1.45,1.0275
17,29,5,4,12.1,2,1.89,1.77,1.0458333333333332
17,29,5,4,-9.6,2,1.16,1.29,1.0204166666666665
18,29,5,4,18.0,2,0.82,1.47,1.0008333333333332
18,29,5,4,18.8,2,1.62,1.57,1.0070833333333333
19,29,5,4,19.9,4,0.98,0.39,0.9825
20,29,5,4,30.3,2,0.98,1.38,1.0070833333333333
21,29,5,4,15.4,2,1.08,0.74,0.9945833333333333
21,29,5,4,33.5,1,0.37,0.26,0.9791666666666666
22,29,5,4,39.4,1,1.76,0.48,1.0416666666666667
22,29,5,4,-0.7,3,1.76,0.32,1.095
23,29,5,4,19.1,4,1.72,0.87,1.1533333333333333
0,30,6,4,2.7,5,0.39,0.62,1.1333333333333333
2,30,6,4,35.3,5,1.81,1.34,1.1829166666666666
3,30,6,4,10.4,2,1.64,0.32,1.1954166666666666
3,30,6,4,18.4,3,1.76,0.5,1.2554166666666666
4,30,6,4,-9.2,3,1.58,1.0,1.3004166666666668
5,30,6,4,9.0,5,0.7,1.71,1.2879166666666666
5,30,6,4,2.2,2,1.28,0.41,1.2699999999999998
6,30,6,4,-6.9,2,0.84,1.51,1.2879166666666666
7,30,6,4,-0.7,4,0.35,1.57,1.2395833333333333
7,30,6,4,16.9,1,1.45,1.04,1.2345833333333334
8,30,6,4,32.2,4,0.71,1.19,1.2208333333333334
8,30,6,4,-0.4,2,0.87,1.46,1.2075
8,30,6,4,-8.2,5,1.9,1.89,1.2258333333333333
8,30,6,4,-3.3,4,0.53,1.16,1.1691666666666667
9,30,6,4,4.3,2,0.91,0.82,1.1587500000000002
9,30,6,4,11.6,3,0.83,1.62,1.1591666666666667
10,30,6,4,32.4,2,0.49,0.98,1.1120833333333333
10,30,6,4,12.8,1,1.99,0.98,1.1541666666666666
11,30,6,4,27.7,4,0.67,1.08,1.14125
11,30,6,4,-0.2,5,0.8,0.37,1.1295833333333334
11,30,6,4,39.7,4,1.38,1.76,1.1716666666666666
12,30,6,4,10.2,1,1.98,1.76,1.1808333333333332
13,30,6,4,-7.2,4,0.59,1.72,1.1320833333333333
13,30,6,4,5.1,1,1.54,0.39,1.1245833333333335
13,30,6,4,20.1,1,0.79,1.81,1.14125
14,30,6,4,2.5,3,1.97,1.64,1.1479166666666665
15,30,6,4,3.3,5,1.66,1.76,1.14875
15,30,6,4,-4.1,5,1.45,1.58,1.1358333333333333
18,30,6,4,9.6,3,0.24,0.7,1.08
18,30,6,4,24.2,5,0.45,1.28,1.0695833333333333
21,30,6,4,36.0,4,1.9,0.84,1.0954166666666667
21,30,6,4,-4.9,2,1.1,0.35,1.10625
23,30,6,4,7.4,2,1.72,1.45,1.1633333333333333
0,1,0,5,4.5,3,0.83,0.71,1.1375
0,1,0,5,29.8,4,0.45,0.87,1.1266666666666667
1,1,0,5,35.8,2,0.38,1.9,1.10625
3,1,0,5,7.6,2,1.13,0.53,1.0741666666666667
4,1,0,5,-2.1,1,0.82,0.91,1.08625
4,1,0,5,14.2,2,0.81,0.83,1.0820833333333333
6,1,0,5,19.7,4,0.7,0.49,1.0766666666666667
6,1,0,5,6.3,3,1.2,1.99,1.10625
7,1,0,5,26.7,1,0.69,0.67,1.0520833333333333
7,1,0,5,36.0,5,1.83,0.8,1.1004166666666666
7,1,0,5,19.7,3,1.02,1.38,1.1095833333333334
8,1,0,5,29.4,3,1.42,1.98,1.1112499999999998
8,1,0,5,20.8,2,0.95,0.59,1.0683333333333331
12,1,0,5,-1.0,4,0.76,1.54,1.0754166666666667
12,1,0,5,-3.7,2,1.44,0.79,1.0712499999999998
13,1,0,5,9.1,1,0.45,1.97,1.0570833333333334
16,1,0,5,31.5,4,0.8,1.66,1.0083333333333333
17,1,0,5,10.4,1,0.8,1.45,0.9725
18,1,0,5,24.0,5,1.89,0.24,0.9908333333333333
19,1,0,5,5.1,4,0.64,0.45,1.0075
19,1,0,5,-6.3,3,0.23,1.9,0.9983333333333334
20,1,0,5,32.0,4,0.34,1.1,0.9333333333333335
21,1,0,5,35.2,5,1.17,1.72,0.9362499999999999
21,1,0,5,-4.1,2,0.78,0.83,0.8970833333333333
21,1,0,5,4.7,5,1.12,0.45,0.9091666666666667
21,1,0,5,-2.2,2,1.13,0.38,0.9375
22,1,0,5,32.2,3,1.05,1.13,0.9654166666666667
23,1,0,5,29.5,5,0.85,0.82,0.9537499999999999
0,2,1,5,-5.5,4,0.39,0.81,0.9358333333333334
0,2,1,5,30.4,4,1.91,0.7,0.9816666666666666
1,2,1,5,20.9,1,1.08,1.2,0.9975
1,2,1,5,14.8,5,1.48,0.69,1.0091666666666665
2,2,1,5,15.1,1,1.79,1.83,1.055
3,2,1,5,26.7,3,1.38,1.02,1.0362500000000001
3,2,1,5,2.2,4,1.62,1.42,1.06125
4,2,1,5,19.7,3,0.49,0.95,1.0225
5,2,1,5,30.2,1,1.85,0.76,1.06
5,2,1,5,38.1,1,1.14,1.44,1.0758333333333334
11,2,1,5,29.4,1,1.85,0.45,1.0929166666666668
11,2,1,5,20.9,5,1.46,0.8,1.135
11,2,1,5,32.6,4,1.41,0.8,1.1604166666666667
12,2,1,5,4.7,4,0.58,1.89,1.1512499999999999
13,2,1,5,24.7,1,1.09,0.64,1.1179166666666667
14,2,1,5,-0.8,4,1.04,0.23,1.1345833333333333
14,2,1,5,37.2,5,1.43,0.34,1.1845833333333333
14,2,1,5,-9.5,5,1.28,1.17,1.22375
15,2,1,5,3.2,5,1.5,0.78,1.2375
16,2,1,5,3.7,3,1.7,1.12,1.2758333333333334
16,2,1,5,18.8,3,0.26,1.13,1.24
16,2,1,5,8.1,4,1.64,1.05,1.26125
16,2,1,5,-2.8,2,0.64,0.85,1.2441666666666666
18,2,1,5,28.4,2,0.36,0.39,1.2237500000000001
20,2,1,5,3.1,2,0.97,1.91,1.2479166666666666
20,2,1,5,7.2,3,1.96,1.08,1.25
20,2,1,5,-9.5,4,1.31,1.48,1.2595833333333333
21,2,1,5,34.8,2,1.13,1.79,1.245
21,2,1,5,31.1,4,1.43,1.38,1.23
23,2,1,5,28.5,3,0.26,1.62,1.1833333333333333
3,3,2,5,9.0,2,0.81,0.49,1.1495833333333334
3,3,2,5,18.5,1,1.93,1.85,1.2095833333333335
3,3,2,5,-7.0,2,0.7,1.14,1.1616666666666666
4,3,2,5,24.8,4,0.49,1.85,1.1345833333333333
6,3,2,5,10.6,2,1.37,1.46,1.1145833333333333
6,3,2,5,37.5,3,0.97,1.41,1.0941666666666665
7,3,2,5,0.7,4,0.96,0.58,1.0754166666666667
9,3,2,5,3.0,5,0.27,1.09,1.0625
17,3,2,5,34.8,4,0.82,1.04,1.0512499999999998
17,3,2,5,33.7,5,1.47,1.43,1.0691666666666666
18,3,2,5,29.8,2,0.71,1.28,1.0391666666666666
19,3,2,5,8.4,1,1.56,1.5,1.0508333333333333
19,3,2,5,-1.3,3,1.17,1.7,1.0370833333333331
20,3,2,5,25.5,2,0.63,0.26,0.9925
21,3,2,5,34.1,5,0.64,1.64,1.0083333333333333
21,3,2,5,-1.8,5,0.95,0.64,0.9795833333333334
0,4,3,5,-0.7,1,1.04,0.36,0.99625
1,4,3,5,15.4,3,1.38,0.97,1.03875
1,4,3,5,-5.1,5,0.73,1.96,1.02875
4,4,3,5,29.1,2,0.54,1.31,0.9695833333333334
4,4,3,5,37.7,3,0.75,1.13,0.94625
4,4,3,5,15.5,4,0.63,1.43,0.9254166666666666
6,4,3,5,2.4,1,0.34,0.26,0.88
7,4,3,5,-10.0,3,1.27,0.81,0.9220833333333335
9,4,3,5,23.0,4,0.64,1.93,0.9149999999999999
10,4,3,5,7.4,5,0.81,0.7,0.8683333333333333
10,4,3,5,-1.7,4,1.18,0.49,0.8883333333333333
12,4,3,5,31.4,5,1.08,1.37,0.9129166666666667
13,4,3,5,-5.6,5,0.33,0.97,0.8695833333333334
14,4,3,5,20.9,1,0.74,0.96,0.8599999999999999
15,4,3,5,29.8,3,2.0,0.27,0.9033333333333333
18,4,3,5,37.1,5,0.5,0.82,0.9129166666666667
19,4,3,5,8.7,3,1.52,1.47,0.9420833333333333
19,4,3,5,19.7,5,1.71,0.71,0.9520833333333333
20,4,3,5,20.8,4,0.36,1.56,0.9375
21,4,3,5,-9.1,1,1.08,1.17,0.9175
22,4,3,5,38.1,5,0.88,0.63,0.9054166666666666
23,4,3,5,31.7,3,0.8,0.64,0.9125
0,5,4,5,-0.4,4,1.13,0.95,0.9329166666666667
0,5,4,5,22.0,1,0.8,1.04,0.9266666666666666
2,5,4,5,9.9,5,0.64,1.38,0.91
2,5,4,5,37.9,2,1.05,0.73,0.8962500000000001
3,5,4,5,0.2,1,1.44,0.54,0.9258333333333333
4,5,4,5,-4.7,2,1.78,0.75,0.9775
5,5,4,5,32.1,1,0.3,0.63,0.9587500000000001
5,5,4,5,33.0,1,1.43,0.34,0.9920833333333334
8,5,4,5,21.0,4,0.59,1.27,1.0025
8,5,4,5,26.8,4,1.19,0.64,0.9991666666666665
9,5,4,5,35.4,3,1.02,0.81,1.0150000000000001
9,5,4,5,31.4,5,0.89,1.18,1.0183333333333333
10,5,4,5,-5.0,3,0.9,1.08,1.0066666666666666
12,5,4,5,0.9,1,1.25,0.33,1.0137500000000002
13,5,4,5,-3.7,5,1.86,0.74,1.0775
13,5,4,5,34.6,1,1.03,2.0,1.0895833333333333
14,5,4,5,31.8,4,1.07,0.5,1.0508333333333335
15,5,4,5,36.2,3,1.72,1.52,1.1016666666666668
18,5,4,5,29.3,4,1.12,1.71,1.0850000000000002
18,5,4,5,19.9,5,1.8,0.36,1.08875
18,5,4,5,24.0,5,1.13,1.08,1.1208333333333333
19,5,4,5,5.4,4,0.29,0.88,1.0879166666666666
19,5,4,5,36.2,5,0.99,0.8,1.0925
20,5,4,5,0.9,1,1.0,1.13,1.1008333333333333
21,5,4,5,11.4,1,1.35,0.8,1.11
22,5,4,5,28.1,5,0.57,0.64,1.1004166666666666
23,5,4,5,25.2,4,0.74,1.05,1.1045833333333333
1,6,5,5,18.9,4,0.74,1.44,1.0916666666666666
2,6,5,5,29.0,3,1.82,1.78,1.1075000000000002
2,6,5,5,15.5,5,0.74,0.3,1.0641666666666667
2,6,5,5,-9.4,2,1.1,1.43,1.0975
3,6,5,5,-2.7,1,0.69,0.59,1.0666666666666667
3,6,5,5,-4.5,5,1.15,1.19,1.09
4,6,5,5,20.0,1,1.32,1.02,1.0954166666666667
5,6,5,5,16.6,2,1.21,0.89,1.1033333333333333
6,6,5,5,32.7,3,0.98,0.9,1.1070833333333334
7,6,5,5,16.7,1,0.34,1.25,1.08375
7,6,5,5,-6.7,1,0.57,1.86,1.0554166666666667
7,6,5,5,36.3,1,1.08,1.03,1.0229166666666667
8,6,5,5,-7.6,2,0.32,1.07,0.9933333333333333
9,6,5,5,7.0,1,1.18,1.72,0.9979166666666667
9,6,5,5,10.4,5,0.6,1.12,0.95125
10,6,5,5,-5.5,5,1.63,1.8,0.9725
11,6,5,5,17.7,2,0.83,1.13,0.9320833333333333
11,6,5,5,2.3,1,0.73,0.29,0.9154166666666667
11,6,5,5,18.3,5,1.28,0.99,0.9566666666666667
13,6,5,5,3.5,4,0.9,1.0,0.9529166666666665
15,6,5,5,28.0,4,1.56,1.35,0.97625
16,6,5,5,23.6,3,1.06,0.57,0.9641666666666667
17,6,5,5,-6.5,5,1.05,0.74,0.9841666666666667
17,6,5,5,21.6,1,1.33,0.74,1.00875
18,6,5,5,39.9,4,1.7,1.82,1.0487499999999998
19,6,5,5,1.5,2,0.7,0.74,1.0020833333333334
19,6,5,5,13.9,1,0.53,1.1,0.9933333333333333
19,6,5,5,38.9,5,0.44,0.69,0.9658333333333333
20,6,5,5,-9.2,1,0.44,1.15,0.9554166666666667
20,6,5,5,-9.2,4,0.51,1.32,0.92875
21,6,5,5,17.6,4,1.09,1.21,0.9191666666666666
22,6,5,5,15.2,5,0.75,0.98,0.8999999999999999
22,6,5,5,0.5,5,0.41,0.34,0.8762499999999999
23,6,5,5,0.2,2,1.8,0.57,0.9370833333333333
23,6,5,5,0.7,1,1.96,1.08,0.9950000000000001
23,6,5,5,13.5,4,1.08,0.32,0.995
0,7,6,5,17.0,2,1.27,1.18,1.0345833333333332
1,7,6,5,36.4,1,1.33,0.6,1.0408333333333333
2,7,6,5,17.2,5,1.87,1.63,1.09375
3,7,6,5,-8.0,2,1.51,0.83,1.0887499999999999
3,7,6,5,16.2,4,1.02,0.73,1.0966666666666667
5,7,6,5,24.6,1,0.37,1.28,1.0816666666666668
5,7,6,5,8.7,3,1.89,0.9,1.1070833333333334
6,7,6,5,32.2,3,0.32,1.56,1.0829166666666667
7,7,6,5,6.6,1,1.86,1.06,1.0954166666666667
7,7,6,5,12.9,3,1.94,1.05,1.1320833333333333
8,7,6,5,-3.1,5,1.84,1.33,1.165
8,7,6,5,-1.4,2,1.17,1.7,1.1583333333333334
8,7,6,5,-5.0,1,1.12,0.7,1.1341666666666668
9,7,6,5,25.3,4,0.56,0.53,1.1283333333333332
9,7,6,5,35.8,4,0.32,0.44,1.1195833333333334
10,7,6,5,-6.9,5,1.48,0.44,1.1629166666666666
11,7,6,5,10.6,5,1.51,0.51,1.2075
11,7,6,5,21.7,2,0.42,1.09,1.20375
12,7,6,5,4.0,3,0.63,0.75,1.1845833333333333
13,7,6,5,16.1,5,0.92,0.41,1.1916666666666667
14,7,6,5,3.6,5,1.62,1.8,1.2420833333333334
14,7,6,5,35.6,3,0.22,1.96,1.17625
15,7,6,5,9.3,5,0.34,1.08,1.10875
17,7,6,5,-1.3,3,1.58,1.27,1.1295833333333334
18,7,6,5,27.8,1,1.6,1.33,1.1433333333333333
21,7,6,5,8.4,1,1.71,1.87,1.1591666666666667
21,7,6,5,31.7,1,0.77,1.51,1.1133333333333335
21,7,6,5,32.9,1,1.73,1.02,1.1225
22,7,6,5,7.6,5,0.36,0.37,1.095
1,8,0,5,2.5,4,1.44,1.89,1.1395833333333334
3,8,0,5,17.3,5,0.4,0.32,1.0775
3,8,0,5,-7.8,1,0.8,1.86,1.0975
6,8,0,5,31.4,5,0.57,1.94,1.04375
7,8,0,5,11.8,4,1.78,1.84,1.0370833333333331
9,8,0,5,1.8,1,0.98,1.17,1.00125
10,8,0,5,-2.3,5,0.29,1.12,0.9645833333333335
11,8,0,5,-1.9,2,0.28,0.56,0.9295833333333333
11,8,0,5,23.4,5,0.67,0.32,0.9341666666666667
12,8,0,5,30.7,2,0.72,1.48,0.9508333333333333
12,8,0,5,14.8,4,1.49,1.51,0.9512499999999999
12,8,0,5,-9.3,2,1.21,0.42,0.9387499999999999
12,8,0,5,12.3,3,1.91,0.63,1.0008333333333332
13,8,0,5,0.0,3,0.8,0.92,1.0079166666666668
13,8,0,5,16.9,4,0.7,1.62,0.9987499999999999
14,8,0,5,17.4,2,0.53,0.22,0.9533333333333333
14,8,0,5,-7.8,2,1.06,0.34,0.9883333333333333
14,8,0,5,39.6,3,1.38,1.58,1.0316666666666665
15,8,0,5,14.2,2,1.38,1.6,1.0233333333333334
16,8,0,5,11.8,1,0.81,1.71,0.9904166666666666
16,8,0,5,3.7,3,1.7,0.77,0.9899999999999999
17,8,0,5,11.3,5,1.47,1.73,1.0191666666666668
17,8,0,5,15.2,1,1.74,0.36,1.0195833333333333
20,8,0,5,32.6,4,1.35,1.44,1.0608333333333333
21,8,0,5,-5.3,4,1.01,0.4,1.0429166666666665
21,8,0,5,25.1,3,1.91,0.8,1.1058333333333332
23,8,0,5,16.4,3,0.82,0.57,1.1066666666666667
0,9,1,5,23.4,2,1.53,1.78,1.1466666666666667
2,9,1,5,30.3,5,1.97,0.98,1.1545833333333333
2,9,1,5,38.1,2,1.61,0.29,1.1808333333333334
4,9,1,5,-6.5,3,1.13,0.28,1.2158333333333333
4,9,1,5,30.6,1,1.34,0.67,1.26
5,9,1,5,1.1,4,0.87,0.72,1.2683333333333333
6,9,1,5,16.8,2,0.43,1.49,1.2562499999999999
6,9,1,5,13.9,5,0.25,1.21,1.2045833333333331
6,9,1,5,37.2,3,0.74,1.91,1.185
7,9,1,5,28.7,3,0.27,0.8,1.1166666666666667
7,9,1,5,19.4,5,1.63,0.7,1.1512499999999999
9,9,1,5,16.4,2,0.3,0.53,1.1345833333333333
10,9,1,5,27.0,2,0.69,1.06,1.14125
11,9,1,5,-1.8,2,0.97,1.38,1.1375
14,9,1,5,29.9,3,1.69,1.38,1.1504166666666669
14,9,1,5,-4.7,2,1.68,0.81,1.1629166666666666
14,9,1,5,30.2,1,1.29,1.7,1.1829166666666666
15,9,1,5,25.4,5,0.95,1.47,1.1516666666666666
19,9,1,5,37.3,2,0.79,1.74,1.1233333333333333
19,9,1,5,35.8,1,0.2,1.35,1.0591666666666668
22,9,1,5,36.5,1,0.45,1.01,1.0216666666666667
22,9,1,5,29.0,1,1.01,1.91,1.0216666666666667
1,10,2,5,1.5,3,0.98,0.82,0.9829166666666667
1,10,2,5,33.3,2,0.81,1.53,0.9824999999999999
1,10,2,5,33.3,1,0.42,1.97,0.9362499999999999
2,10,2,5,7.5,5,0.7,1.61,0.8833333333333333
4,10,2,5,-3.3,5,0.71,1.13,0.8458333333333333
4,10,2,5,7.9,5,0.46,1.34,0.8179166666666667
5,10,2,5,34.8,4,0.6,0.87,0.7870833333333332
5,10,2,5,8.4,3,0.35,0.43,0.7654166666666667
6,10,2,5,37.1,2,1.45,0.25,0.8079166666666667
9,10,2,5,-5.0,1,1.29,0.74,0.85125
9,10,2,5,-9.6,4,1.05,0.27,0.8641666666666666
10,10,2,5,-5.5,1,1.39,1.63,0.9108333333333333
10,10,2,5,29.4,2,0.76,0.3,0.8745833333333334
12,10,2,5,32.6,4,1.6,0.69,0.92875
13,10,2,5,38.4,1,0.74,0.97,0.9308333333333333
14,10,2,5,-1.8,2,1.85,1.69,0.9674999999999999
15,10,2,5,30.3,1,0.4,1.68,0.91375
16,10,2,5,2.2,3,1.72,1.29,0.9154166666666667
16,10,2,5,14.3,4,1.26,0.95,0.9141666666666667
16,10,2,5,6.6,4,0.42,0.79,0.8920833333333333
17,10,2,5,8.4,1,1.11,0.2,0.9054166666666666
17,10,2,5,4.4,4,1.13,0.45,0.9441666666666665
17,10,2,5,-8.6,1,0.27,1.01,0.9366666666666666
17,10,2,5,5.2,3,0.67,0.98,0.9225
17,10,2,5,29.6,5,0.51,0.81,0.9029166666666667
19,10,2,5,-4.9,5,1.33,0.42,0.9245833333333332
19,10,2,5,18.8,2,1.24,0.7,0.9587500000000001
20,10,2,5,2.2,3,0.6,0.71,0.9545833333333333
20,10,2,5,2.8,2,0.6,0.46,0.9500000000000001
21,10,2,5,-1.7,5,0.87,0.6,0.9670833333333334
22,10,2,5,-5.6,5,1.14,0.35,0.9895833333333334
23,10,2,5,38.0,3,0.8,1.45,1.0083333333333333
23,10,2,5,32.1,1,0.73,1.29,0.9783333333333334
2,11,3,5,0.5,2,1.43,1.05,0.9841666666666667
3,11,3,5,12.7,1,0.46,1.39,0.9595833333333333
6,11,3,5,17.5,5,1.44,0.76,0.9616666666666666
8,11,3,5,2.8,1,1.66,1.6,0.9991666666666665
9,11,3,5,36.6,3,1.56,0.74,0.9975
9,11,3,5,1.5,3,0.69,1.85,0.9954166666666665
10,11,3,5,18.0,5,1.14,0.4,0.9658333333333333
11,11,3,5,25.1,1,0.68,1.72,0.9774999999999999
15,11,3,5,7.5,4,1.66,1.26,0.975
16,11,3,5,36.1,5,1.93,0.42,1.0029166666666665
16,11,3,5,16.9,1,1.6,1.11,1.0520833333333333
17,11,3,5,-9.4,4,1.08,1.13,1.0508333333333333
18,11,3,5,8.9,2,1.84,0.27,1.0804166666666666
19,11,3,5,12.6,3,1.42,0.67,1.1283333333333332
19,11,3,5,3.5,4,0.76,0.51,1.1320833333333333
21,11,3,5,-9.8,2,1.22,1.33,1.1616666666666666
22,11,3,5,0.3,2,0.46,1.24,1.1254166666666667
0,12,4,5,20.8,3,1.45,0.6,1.1341666666666665
1,12,4,5,15.3,5,1.61,0.6,1.17625
2,12,4,5,-7.4,3,1.16,0.87,1.1995833333333332
2,12,4,5,5.1,1,1.45,1.14,1.22375
4,12,4,5,29.6,1,0.76,0.8,1.2079166666666667
4,12,4,5,-9.5,4,1.17,0.73,1.2233333333333334
10,12,4,5,-0.2,1,0.21,1.43,1.2016666666666667
13,12,4,5,6.0,1,1.03,0.46,1.185
13,12,4,5,31.1,4,0.8,1.44,1.1991666666666665
15,12,4,5,37.6,5,0.9,1.66,1.1766666666666665
15,12,4,5,-5.2,2,1.65,1.56,1.17625
16,12,4,5,36.0,1,0.51,0.69,1.1325
16,12,4,5,37.6,3,0.26,1.14,1.1145833333333333
16,12,4,5,27.7,5,0.78,0.68,1.0995833333333334
16,12,4,5,37.3,5,1.91,1.66,1.1508333333333334
16,12,4,5,35.2,1,1.29,1.93,1.1354166666666667
16,12,4,5,35.6,5,1.19,1.6,1.1045833333333335
17,12,4,5,6.7,2,1.56,1.08,1.1029166666666665
17,12,4,5,-5.7,4,1.16,1.84,1.10625
18,12,4,5,4.1,4,1.64,1.42,1.0979166666666667
18,12,4,5,38.7,4,1.31,0.76,1.0933333333333333
19,12,4,5,-8.9,1,1.47,1.22,1.1229166666666666
19,12,4,5,21.8,4,1.46,0.46,1.1329166666666666
20,12,4,5,29.7,1,1.15,1.45,1.1616666666666666
22,12,4,5,-0.7,3,0.61,1.61,1.1266666666666667
22,12,4,5,13.4,5,1.22,1.16,1.1104166666666666
23,12,4,5,-3.1,5,0.66,1.45,1.0895833333333333
0,13,5,5,37.4,2,1.56,0.76,1.0941666666666667
2,13,5,5,22.5,5,0.26,1.17,1.0733333333333333
2,13,5,5,30.2,3,0.94,0.21,1.06375
3,13,5,5,20.1,4,1.68,1.03,1.125
3,13,5,5,12.3,2,0.73,0.8,1.1125
3,13,5,5,6.0,1,0.78,0.9,1.1116666666666666
4,13,5,5,29.9,2,0.3,1.65,1.0866666666666667
6,13,5,5,21.6,4,1.22,0.51,1.06875
7,13,5,5,22.6,5,1.24,0.26,1.0991666666666666
7,13,5,5,31.7,3,0.78,0.78,1.1208333333333333
8,13,5,5,29.6,3,1.16,1.91,1.1366666666666667
9,13,5,5,11.0,3,1.03,1.29,1.0999999999999999
9,13,5,5,23.0,4,0.34,1.19,1.0604166666666666
11,13,5,5,21.2,3,1.29,1.56,1.0645833333333334
11,13,5,5,1.2,5,0.23,1.16,1.0091666666666668
11,13,5,5,28.4,4,0.21,1.64,0.9695833333333334
11,13,5,5,30.2,2,0.91,1.31,0.9391666666666666
11,13,5,5,-9.0,3,1.01,1.47,0.9266666666666667
11,13,5,5,21.3,2,0.38,1.46,0.88125
12,13,5,5,6.5,4,0.97,1.15,0.8608333333333333
13,13,5,5,28.0,2,1.43,0.61,0.8724999999999999
14,13,5,5,38.3,5,1.93,1.22,0.9275000000000001
16,13,5,5,4.6,5,1.24,0.66,0.9283333333333333
17,13,5,5,17.7,3,0.56,1.56,0.9241666666666667
18,13,5,5,10.1,4,1.73,0.26,0.9312499999999999
19,13,5,5,14.0,2,0.74,0.94,0.95125
19,13,5,5,25.5,2,0.68,1.68,0.9404166666666667
19,13,5,5,-8.6,2,1.38,0.73,0.9279166666666666
21,13,5,5,19.1,5,0.88,0.78,0.9341666666666666
21,13,5,5,30.0,4,0.62,0.3,0.9275000000000001
22,13,5,5,6.5,4,1.63,1.22,0.9829166666666667
22,13,5,5,18.9,4,0.7,1.24,0.9612499999999998
23,13,5,5,4.6,2,1.06,0.78,0.95375
0,14,6,5,37.0,5,1.82,1.16,0.9970833333333333
1,14,6,5,7.0,5,1.39,1.03,1.0066666666666666
2,14,6,5,18.9,5,1.29,0.34,1.0175
2,14,6,5,32.4,2,1.77,1.29,1.0770833333333334
3,14,6,5,30.5,3,0.95,0.23,1.0629166666666665
3,14,6,5,-5.3,5,1.94,0.21,1.1341666666666665
3,14,6,5,25.7,3,0.23,0.91,1.135
6,14,6,5,14.0,4,0.85,1.01,1.1325
7,14,6,5,26.0,1,1.66,0.38,1.1595833333333332
8,14,6,5,39.6,1,0.29,0.97,1.1558333333333333
8,14,6,5,36.4,1,1.4,1.43,1.17375
8,14,6,5,1.9,3,1.57,1.93,1.1795833333333334
8,14,6,5,34.7,5,1.94,1.24,1.18
8,14,6,5,-3.0,3,1.36,0.56,1.1849999999999998
9,14,6,5,34.4,3,0.88,1.73,1.1983333333333335
10,14,6,5,5.2,5,1.05,0.74,1.1700000000000002
10,14,6,5,10.5,3,0.43,0.68,1.1570833333333332
12,14,6,5,-2.5,2,0.62,1.38,1.1545833333333333
12,14,6,5,4.4,2,0.37,0.88,1.1125
12,14,6,5,4.6,2,1.88,0.62,1.1541666666666666
12,14,6,5,12.0,5,1.69,1.63,1.19875
14,14,6,5,24.8,2,0.53,0.7,1.1529166666666668
14,14,6,5,38.0,4,1.54,1.06,1.1879166666666667
15,14,6,5,33.7,1,1.31,1.82,1.1983333333333333
17,14,6,5,20.3,2,1.61,1.39,1.1895833333333332
18,14,6,5,2.9,3,0.93,1.29,1.1704166666666667
18,14,6,5,26.9,5,1.69,1.77,1.1870833333333333
18,14,6,5,20.6,4,0.29,0.95,1.1254166666666665
18,14,6,5,34.0,4,0.22,1.94,1.095
20,14,6,5,32.9,2,1.33,0.23,1.0695833333333333
21,14,6,5,-2.5,2,1.38,0.85,1.1175
1,15,0,5,3.5,1,1.21,1.66,1.1325
2,15,0,5,-2.4,3,0.5,0.29,1.0841666666666667
2,15,0,5,2.3,3,1.21,1.4,1.1225
2,15,0,5,25.1,2,0.25,1.57,1.0745833333333332
4,15,0,5,-4.7,1,1.76,1.94,1.0825
6,15,0,5,23.1,3,1.21,1.36,1.0520833333333333
7,15,0,5,6.0,1,0.87,0.88,1.0316666666666667
7,15,0,5,0.3,2,0.47,1.05,1.0145833333333332
8,15,0,5,-5.3,1,1.25,0.43,1.0229166666666665
8,15,0,5,23.8,4,0.85,0.62,1.0404166666666665
9,15,0,5,22.7,4,1.75,0.37,1.0875000000000001
11,15,0,5,37.9,2,1.92,1.88,1.1520833333333333
14,15,0,5,3.1,2,1.9,1.69,1.1529166666666668
15,15,0,5,-9.4,1,1.1,0.53,1.1283333333333332
15,15,0,5,-4.8,1,0.98,1.54,1.1470833333333332
16,15,0,5,35.5,1,1.66,1.31,1.1520833333333333
16,15,0,5,23.2,5,0.24,1.61,1.1075000000000002
16,15,0,5,1.2,2,0.59,0.93,1.065
17,15,0,5,10.7,2,1.95,1.69,1.1075
18,15,0,5,-5.3,5,1.21,0.29,1.0875000000000001
19,15,0,5,23.0,1,0.22,0.22,1.0845833333333335
20,15,0,5,15.6,3,1.93,1.33,1.1558333333333333
21,15,0,5,-5.2,5,0.51,1.38,1.1216666666666668
22,15,0,5,4.0,4,0.65,1.21,1.0912499999999998
22,15,0,5,32.9,2,0.75,0.5,1.0720833333333333
22,15,0,5,3.4,3,0.21,1.21,1.06
23,15,0,5,39.5,4,1.8,0.25,1.0845833333333335
0,16,1,5,24.8,4,1.06,1.76,1.1183333333333334
0,16,1,5,28.4,1,0.79,1.21,1.0779166666666666
0,16,1,5,27.4,5,1.65,0.87,1.0962500000000002
1,16,1,5,36.9,5,1.79,0.47,1.1345833333333333
2,16,1,5,31.2,5,1.33,1.25,1.1704166666666667
2,16,1,5,-0.9,1,1.73,0.85,1.1904166666666667
3,16,1,5,4.7,3,0.64,1.75,1.1816666666666666
3,16,1,5,26.4,3,1.56,1.92,1.17375
4,16,1,5,-0.6,5,0.56,1.9,1.1170833333333332
4,16,1,5,-4.6,5,0.61,1.1,1.0633333333333332
5,16,1,5,35.3,2,1.6,0.98,1.0841666666666667
5,16,1,5,-4.6,3,1.26,1.66,1.0958333333333334
6,16,1,5,-6.5,2,0.43,0.24,1.0445833333333334
7,16,1,5,14.7,4,0.69,0.59,1.0633333333333332
7,16,1,5,25.2,5,0.28,1.95,1.0504166666666668
7,16,1,5,25.3,3,1.18,1.21,1.0183333333333333
7,16,1,5,11.4,3,1.25,0.22,1.02
8,16,1,5,2.1,2,1.66,1.93,1.08
9,16,1,5,11.4,1,1.48,0.51,1.06125
14,16,1,5,24.9,3,0.63,0.65,1.06625
15,16,1,5,28.1,3,0.26,0.75,1.05
16,16,1,5,-9.8,3,1.02,0.21,1.06125
20,16,1,5,-4.4,5,0.5,1.8,1.0733333333333333
21,16,1,5,-6.7,5,1.39,1.06,1.05625
21,16,1,5,-7.0,5,1.06,0.79,1.0562500000000001
21,16,1,5,21.5,4,0.98,1.65,1.0641666666666667
21,16,1,5,-7.7,5,1.11,1.79,1.0416666666666667
21,16,1,5,22.1,2,1.89,1.33,1.0458333333333332
22,16,1,5,10.1,5,0.25,1.73,1.0008333333333332
23,16,1,5,-7.5,4,0.72,0.64,0.9587500000000001
0,17,2,5,-9.7,1,0.88,1.56,0.96875
1,17,2,5,9.2,5,1.66,0.56,0.9729166666666665
1,17,2,5,-2.0,2,1.1,0.61,0.9954166666666667
3,17,2,5,-7.8,5,1.79,1.6,1.0445833333333334
5,17,2,5,-3.4,3,1.84,1.26,1.0545833333333332
7,17,2,5,31.5,3,1.55,0.43,1.0666666666666667
7,17,2,5,-3.0,4,0.66,0.69,1.0762500000000002
8,17,2,5,32.7,1,0.62,0.28,1.0733333333333333
8,17,2,5,24.4,1,1.87,1.18,1.1395833333333332
9,17,2,5,37.1,3,1.03,1.25,1.1333333333333333
9,17,2,5,12.4,4,0.36,1.66,1.09625
9,17,2,5,27.8,3,1.75,1.48,1.0999999999999999
13,17,2,5,0.7,5,1.77,0.63,1.1120833333333333
13,17,2,5,27.0,5,1.65,0.26,1.1545833333333333
15,17,2,5,-6.6,5,0.38,1.02,1.1595833333333334
15,17,2,5,28.7,3,1.95,0.5,1.1983333333333335
16,17,2,5,-6.2,2,0.82,1.39,1.2116666666666667
18,17,2,5,39.0,2,0.89,1.06,1.1908333333333334
18,17,2,5,17.6,5,1.82,0.98,1.2225
21,17,2,5,9.8,3,1.6,1.11,1.2483333333333333
21,17,2,5,28.0,4,1.13,1.89,1.2491666666666668
21,17,2,5,27.4,3,0.29,0.25,1.1825
23,17,2,5,-2.9,2,0.57,0.72,1.1958333333333335
0,18,3,5,31.8,4,1.26,0.88,1.2183333333333333
2,18,3,5,8.2,5,1.38,1.66,1.2391666666666667
2,18,3,5,-6.0,5,0.75,1.1,1.20125
3,18,3,5,33.7,3,0.3,1.79,1.1679166666666665
3,18,3,5,30.2,2,1.26,1.84,1.1458333333333333
3,18,3,5,25.7,1,0.96,1.55,1.1091666666666666
4,18,3,5,18.5,3,0.49,0.66,1.065
6,18,3,5,19.1,3,1.89,0.62,1.11625
6,18,3,5,11.9,3,1.4,1.87,1.14875
8,18,3,5,35.6,4,1.92,1.03,1.1508333333333334
9,18,3,5,34.2,3,0.76,0.36,1.1395833333333332
10,18,3,5,10.1,5,0.71,1.75,1.1541666666666666
10,18,3,5,-1.4,1,0.9,1.77,1.11875
11,18,3,5,23.5,4,1.87,1.65,1.1229166666666666
11,18,3,5,7.4,1,0.5,0.38,1.075
12,18,3,5,9.4,1,0.67,1.95,1.0870833333333334
16,18,3,5,22.0,3,0.34,0.82,1.02
18,18,3,5,33.3,5,0.3,0.89,0.9983333333333334
18,18,3,5,17.8,4,1.98,1.82,1.04375
19,18,3,5,29.9,3,0.65,1.6,0.995
20,18,3,5,-7.1,5,1.83,1.13,1.0045833333333334
21,18,3,5,16.4,1,1.47,0.29,1.01875
22,18,3,5,3.5,3,0.97,0.57,1.0470833333333334
22,18,3,5,9.4,1,1.21,1.26,1.07375
23,18,3,5,27.1,1,1.96,1.38,1.1029166666666665
0,19,4,5,24.0,2,1.23,0.75,1.0966666666666665
2,19,4,5,2.4,4,0.34,0.3,1.0795833333333333
2,19,4,5,24.4,1,0.71,1.26,1.0966666666666667
2,19,4,5,32.4,3,1.91,0.96,1.12375
3,19,4,5,20.9,5,1.52,0.49,1.1470833333333332
4,19,4,5,23.1,1,1.58,1.89,1.1925000000000001
5,19,4,5,30.9,4,0.89,1.4,1.1508333333333334
5,19,4,5,31.2,4,1.29,1.92,1.14625
7,19,4,5,13.5,3,0.85,0.76,1.1016666666666666
7,19,4,5,37.3,5,1.83,0.71,1.14625
7,19,4,5,15.0,1,1.51,0.9,1.1795833333333334
8,19,4,5,18.5,1,1.39,1.87,1.2
8,19,4,5,36.1,1,0.37,0.5,1.1375
8,19,4,5,-4.9,2,1.83,0.67,1.1929166666666668
8,19,4,5,-5.8,1,0.35,0.34,1.1795833333333332
9,19,4,5,33.9,3,1.08,0.3,1.2104166666666667
9,19,4,5,31.4,1,1.23,1.98,1.2491666666666668
10,19,4,5,7.8,3,1.24,0.65,1.2183333333333333
10,19,4,5,-5.3,1,0.46,1.83,1.2104166666666667
10,19,4,5,-3.2,1,1.02,1.47,1.1766666666666667
11,19,4,5,1.0,5,0.94,0.97,1.1545833333333333
11,19,4,5,7.8,4,0.82,1.21,1.1483333333333332
11,19,4,5,36.7,2,1.21,1.96,1.1483333333333332
12,19,4,5,30.9,2,0.66,1.23,1.0941666666666667
13,19,4,5,-3.1,2,0.94,0.34,1.0820833333333335
13,19,4,5,19.7,2,1.01,0.71,1.11
13,19,4,5,35.5,2,1.24,1.91,1.1320833333333333
15,19,4,5,15.2,3,1.12,1.52,1.0991666666666668
17,19,4,5,21.0,5,1.04,1.58,1.0791666666666668
17,19,4,5,2.9,2,0.97,0.89,1.05375
18,19,4,5,35.2,3,0.52,1.29,1.0383333333333333
18,19,4,5,7.0,1,1.81,0.85,1.06
19,19,4,5,-5.4,2,0.88,1.83,1.06125
21,19,4,5,26.8,2,1.52,1.51,1.0483333333333333
22,19,4,5,34.8,2,1.68,1.39,1.0554166666666667
23,19,4,5,19.1,2,0.57,0.37,1.02125
1,20,5,5,24.7,2,1.14,1.83,1.0533333333333335
2,20,5,5,31.7,4,1.8,0.35,1.0520833333333333
3,20,5,5,23.1,3,0.98,1.08,1.0783333333333334
3,20,5,5,5.4,4,1.02,1.23,1.0758333333333334
4,20,5,5,5.6,1,1.57,1.24,1.0899999999999999
4,20,5,5,7.6,1,0.72,0.46,1.0683333333333334
5,20,5,5,36.8,4,0.79,1.02,1.0820833333333333
6,20,5,5,33.5,5,1.38,0.94,1.0970833333333332
6,20,5,5,-1.4,2,1.56,0.82,1.1229166666666666
7,20,5,5,0.2,5,1.7,1.21,1.1595833333333334
9,20,5,5,16.7,4,0.38,0.66,1.125
10,20,5,5,28.0,3,1.51,0.94,1.1604166666666667
11,20,5,5,28.2,2,1.15,1.01,1.1691666666666667
11,20,5,5,7.6,2,1.37,1.24,1.1841666666666668
12,20,5,5,-3.4,5,1.02,1.12,1.175
12,20,5,5,28.6,1,0.71,1.04,1.1579166666666667
14,20,5,5,0.0,3,1.85,0.97,1.1916666666666667
14,20,5,5,-2.8,4,1.04,0.52,1.1945833333333333
14,20,5,5,5.7,2,1.98,1.81,1.2554166666666668
15,20,5,5,29.3,3,1.91,0.88,1.2595833333333333
15,20,5,5,20.1,4,0.29,1.52,1.235
16,20,5,5,13.6,2,1.14,1.68,1.2191666666666665
16,20,5,5,9.3,3,0.38,0.57,1.165
16,20,5,5,37.3,5,1.54,1.14,1.2054166666666666
16,20,5,5,8.8,3,1.16,1.8,1.20625
18,20,5,5,-5.7,1,1.34,0.98,1.1870833333333333
19,20,5,5,30.1,1,1.35,1.02,1.2025000000000001
20,20,5,5,27.7,2,1.2,1.57,1.21
20,20,5,5,24.1,5,0.92,0.72,1.1829166666666666
20,20,5,5,32.7,1,1.64,0.79,1.22125
21,20,5,5,35.7,1,1.94,1.38,1.2691666666666668
23,20,5,5,4.0,3,1.81,1.56,1.2870833333333334
2,21,6,5,12.2,5,0.42,1.7,1.2395833333333333
2,21,6,5,-7.3,3,1.58,0.38,1.2345833333333334
3,21,6,5,28.1,4,0.97,1.51,1.2591666666666665
5,21,6,5,12.9,3,0.81,1.15,1.23
9,21,6,5,19.6,3,0.62,1.37,1.2079166666666667
9,21,6,5,29.3,1,1.25,1.02,1.2029166666666666
11,21,6,5,2.5,4,1.45,0.71,1.2208333333333334
11,21,6,5,30.4,5,1.46,1.85,1.2520833333333332
14,21,6,5,31.6,4,1.7,1.04,1.2458333333333333
14,21,6,5,16.3,1,0.98,1.98,1.2433333333333332
15,21,6,5,13.7,4,1.05,1.91,1.2045833333333333
16,21,6,5,37.1,2,1.64,0.29,1.1933333333333334
16,21,6,5,9.6,2,1.99,1.14,1.2641666666666667
17,21,6,5,11.8,1,1.43,0.38,1.27625
17,21,6,5,29.7,3,1.44,1.54,1.3204166666666666
18,21,6,5,27.5,3,1.14,1.16,1.30375
18,21,6,5,15.5,2,1.34,1.34,1.31125
19,21,6,5,38.8,1,0.69,1.35,1.2841666666666667
19,21,6,5,4.8,1,1.29,1.2,1.2816666666666665
20,21,6,5,26.5,4,1.68,0.92,1.3016666666666665
21,21,6,5,31.6,5,0.87,1.64,1.2995833333333333
22,21,6,5,22.0,4,0.42,1.94,1.24875
22,21,6,5,0.5,5,1.56,1.81,1.2329166666666667
23,21,6,5,33.9,1,1.76,0.42,1.2308333333333332
23,21,6,5,33.9,1,1.85,1.58,1.2904166666666665
23,21,6,5,13.4,1,0.54,0.97,1.2470833333333333
1,22,0,5,-6.2,4,1.09,0.81,1.2520833333333334
1,22,0,5,5.0,3,1.06,0.62,1.2625
2,22,0,5,27.2,1,1.27,1.25,1.2895833333333333
3,22,0,5,12.0,3,1.53,1.45,1.30125
3,22,0,5,-7.9,2,1.18,1.46,1.2899999999999998
5,22,0,5,23.5,3,0.97,1.7,1.2695833333333335
5,22,0,5,21.3,2,0.38,0.98,1.2145833333333333
7,22,0,5,16.5,3,0.99,1.05,1.215
8,22,0,5,2.3,5,1.76,1.64,1.2445833333333334
8,22,0,5,-4.4,2,0.63,1.99,1.2025
10,22,0,5,18.8,3,0.27,1.43,1.1308333333333331
10,22,0,5,-7.9,5,0.5,1.44,1.0920833333333333
10,22,0,5,-6.7,1,1.89,1.14,1.1108333333333333
12,22,0,5,-5.5,1,1.24,1.34,1.115
13,22,0,5,39.0,3,1.89,0.69,1.1379166666666667
15,22,0,5,6.9,1,0.98,1.29,1.15
17,22,0,5,1.5,4,0.62,1.68,1.1220833333333333
17,22,0,5,15.8,1,0.26,0.87,1.0629166666666667
19,22,0,5,15.7,1,1.75,0.42,1.0995833333333334
19,22,0,5,16.1,5,1.8,1.56,1.1570833333333332
20,22,0,5,5.2,2,1.65,1.76,1.1608333333333334
20,22,0,5,-8.7,2,1.99,1.85,1.1704166666666667
22,22,0,5,24.3,2,1.13,0.54,1.1404166666666666
23,22,0,5,21.0,1,0.97,1.09,1.1583333333333334
1,23,1,5,34.8,3,1.26,1.06,1.1654166666666665
1,23,1,5,0.4,2,1.74,1.27,1.1937499999999999
2,23,1,5,24.2,4,0.9,1.53,1.1783333333333332
3,23,1,5,13.9,1,1.85,1.18,1.1916666666666667
5,23,1,5,33.0,3,0.44,0.97,1.1608333333333334
5,23,1,5,10.7,3,0.43,0.38,1.1383333333333334
5,23,1,5,-7.5,2,0.93,0.99,1.1612500000000001
7,23,1,5,13.9,2,1.58,1.76,1.1858333333333333
7,23,1,5,12.3,2,0.22,0.63,1.1216666666666668
8,23,1,5,17.6,1,1.3,0.27,1.1495833333333334
9,23,1,5,25.5,2,1.32,0.5,1.1933333333333334
9,23,1,5,0.8,5,1.12,1.89,1.2191666666666667
10,23,1,5,32.7,4,0.32,1.24,1.15375
12,23,1,5,18.0,5,0.83,1.89,1.1366666666666665
17,23,1,5,-6.3,3,1.07,0.98,1.1025
19,23,1,5,3.5,1,0.32,0.62,1.075
20,23,1,5,13.4,1,1.85,0.26,1.12625
21,23,1,5,11.1,5,1.55,1.75,1.18
21,23,1,5,18.3,1,1.8,1.8,1.1820833333333332
21,23,1,5,7.4,4,0.97,1.65,1.1475000000000002
22,23,1,5,13.9,2,1.71,1.99,1.1500000000000001
23,23,1,5,11.1,4,1.94,1.13,1.1479166666666667
1,24,2,5,1.3,2,1.03,0.97,1.14375
2,24,2,5,27.2,2,0.53,1.26,1.1254166666666667
4,24,2,5,26.6,4,1.01,1.74,1.115
6,24,2,5,37.3,4,0.46,0.9,1.0616666666666668
6,24,2,5,29.0,1,1.98,1.85,1.1066666666666667
6,24,2,5,39.1,5,1.2,0.44,1.0795833333333333
7,24,2,5,8.1,3,0.58,0.43,1.0854166666666665
7,24,2,5,18.3,2,1.97,0.93,1.1495833333333334
8,24,2,5,-4.2,1,0.8,1.58,1.1441666666666668
9,24,2,5,5.2,2,1.49,0.22,1.1404166666666666
10,24,2,5,-7.8,4,1.53,1.3,1.195
11,24,2,5,35.6,4,0.9,1.32,1.1783333333333335
13,24,2,5,6.0,3,0.58,1.12,1.1475000000000002
13,24,2,5,-3.0,3,0.6,0.32,1.1258333333333332
15,24,2,5,14.0,1,1.19,0.83,1.1620833333333334
17,24,2,5,0.6,4,1.44,1.07,1.1875
17,24,2,5,28.6,5,1.29,0.32,1.1966666666666668
19,24,2,5,15.1,2,1.17,1.85,1.2320833333333334
19,24,2,5,24.7,3,1.1,1.55,1.2008333333333334
20,24,2,5,-6.1,4,0.55,1.8,1.1591666666666667
20,24,2,5,17.2,4,1.53,0.97,1.1479166666666667
21,24,2,5,18.3,2,1.74,1.71,1.18
23,24,2,5,-1.1,5,1.21,1.94,1.1591666666666665
1,25,3,5,-9.2,5,1.68,1.03,1.1483333333333334
1,25,3,5,21.4,4,1.75,0.53,1.1783333333333335
2,25,3,5,37.3,1,0.65,1.01,1.1833333333333333
3,25,3,5,29.3,3,1.59,0.46,1.2075
3,25,3,5,23.6,3,1.2,1.98,1.2383333333333333
3,25,3,5,29.9,5,1.85,1.2,1.2329166666666667
4,25,3,5,4.7,5,0.47,0.58,1.2025
4,25,3,5,18.5,2,0.36,1.97,1.1933333333333334
4,25,3,5,0.9,5,0.49,0.8,1.1316666666666666
5,25,3,5,4.3,4,0.95,1.49,1.1379166666666667
5,25,3,5,11.2,2,0.69,1.53,1.1045833333333335
5,25,3,5,6.5,3,2.0,0.9,1.1241666666666665
6,25,3,5,27.0,4,1.99,0.58,1.1695833333333334
7,25,3,5,14.8,2,1.13,0.6,1.1925
8,25,3,5,17.2,1,1.95,1.19,1.24875
8,25,3,5,31.3,2,0.92,1.44,1.2375
9,25,3,5,13.9,2,1.06,1.29,1.2216666666666667
9,25,3,5,21.0,1,1.79,1.17,1.2425
10,25,3,5,32.0,1,1.33,1.1,1.2491666666666668
11,25,3,5,-10.0,3,0.43,0.55,1.22125
11,25,3,5,10.2,5,1.92,1.53,1.2783333333333333
12,25,3,5,3.0,1,1.97,1.74,1.2966666666666666
15,25,3,5,14.2,2,1.66,1.21,1.2933333333333332
20,25,3,5,-0.3,4,0.31,1.68,1.2558333333333334
20,25,3,5,33.7,1,1.55,1.75,1.2504166666666667
20,25,3,5,34.1,2,1.14,0.65,1.2249999999999999
21,25,3,5,8.1,1,1.67,1.59,1.2674999999999998
21,25,3,5,9.6,4,0.55,1.2,1.2241666666666666
21,25,3,5,20.4,2,1.22,1.85,1.2249999999999999
22,25,3,5,3.0,4,1.8,0.47,1.2229166666666667
22,25,3,5,36.7,4,0.89,0.36,1.2404166666666667
0,26,4,5,26.2,3,1.36,0.49,1.2820833333333332
0,26,4,5,-2.4,3,0.95,0.95,1.3012499999999998
1,26,4,5,14.2,5,1.84,0.69,1.3383333333333332
2,26,4,5,4.9,5,1.44,2.0,1.3695833333333332
3,26,4,5,18.4,2,1.03,1.99,1.3291666666666666
6,26,4,5,30.4,4,1.47,1.13,1.3074999999999999
7,26,4,5,-8.4,4,0.79,1.95,1.2933333333333332
7,26,4,5,1.9,4,1.78,0.92,1.2862500000000001
7,26,4,5,-0.8,1,1.92,1.06,1.3279166666666666
8,26,4,5,28.9,4,1.76,1.79,1.3570833333333334
8,26,4,5,15.9,1,0.84,1.33,1.3175000000000001
8,26,4,5,4.3,4,0.34,0.43,1.2762499999999999
8,26,4,5,9.6,5,1.45,1.92,1.3187499999999999
9,26,4,5,11.4,1,1.07,1.97,1.2833333333333332
11,26,4,5,27.8,5,0.23,1.66,1.2108333333333332
11,26,4,5,5.5,1,0.51,0.31,1.1629166666666666
12,26,4,5,-9.4,4,0.62,1.55,1.1758333333333333
14,26,4,5,10.3,1,1.27,1.14,1.1641666666666668
15,26,4,5,11.9,1,1.22,1.67,1.1675
15,26,4,5,0.0,3,0.32,0.55,1.11125
16,26,4,5,13.3,4,0.46,1.22,1.1075000000000002
16,26,4,5,15.9,3,1.78,1.8,1.1308333333333334
17,26,4,5,33.9,1,1.4,0.89,1.1141666666666667
18,26,4,5,-7.2,5,0.28,1.36,1.0887499999999999
18,26,4,5,-2.2,5,0.67,0.95,1.06
18,26,4,5,18.5,1,1.12,1.84,1.0670833333333334
19,26,4,5,26.7,1,1.23,1.44,1.0416666666666667
20,26,4,5,19.9,5,1.79,1.03,1.0562500000000001
23,26,4,5,14.4,3,0.67,1.47,1.04125
23,26,4,5,26.5,4,0.96,0.79,1.02
0,27,5,5,28.3,4,0.94,1.78,1.02625
0,27,5,5,27.2,4,1.18,1.92,1.00125
4,27,5,5,21.4,1,1.36,1.76,0.9779166666666667
4,27,5,5,14.3,4,1.69,0.84,0.9750000000000001
4,27,5,5,28.9,1,0.84,0.34,0.9750000000000001
6,27,5,5,26.4,1,0.55,1.45,0.98375
6,27,5,5,-0.6,1,0.39,1.07,0.9395833333333333
7,27,5,5,-7.3,1,1.98,0.23,0.9775
7,27,5,5,1.9,3,0.38,0.51,0.98375
8,27,5,5,-0.6,5,1.82,0.62,1.0383333333333333
8,27,5,5,13.6,3,1.1,1.27,1.0583333333333333
10,27,5,5,37.6,5,1.11,1.22,1.0516666666666665
10,27,5,5,23.1,3,0.4,0.32,1.0175
12,27,5,5,35.2,1,1.68,0.46,1.0741666666666667
13,27,5,5,2.1,4,0.53,1.78,1.0770833333333332
15,27,5,5,-8.1,3,0.22,1.4,1.0120833333333334
15,27,5,5,22.7,2,1.74,0.28,1.0262499999999999
18,27,5,5,10.4,1,0.65,0.67,1.0416666666666667
19,27,5,5,-6.3,2,0.62,1.12,1.0395833333333333
20,27,5,5,37.1,3,1.73,1.23,1.065
20,27,5,5,-3.0,3,1.23,1.79,1.065
21,27,5,5,0.2,1,0.9,0.67,1.0279166666666666
21,27,5,5,-1.3,1,0.56,0.96,1.0233333333333334
21,27,5,5,29.6,5,1.55,0.94,1.0479166666666666
21,27,5,5,12.8,5,0.37,1.18,1.0241666666666667
22,27,5,5,29.2,3,1.23,1.36,1.0262499999999999
23,27,5,5,19.9,4,0.65,1.69,0.9966666666666667
0,28,6,5,2.2,5,1.74,0.84,0.9987499999999999
0,28,6,5,3.9,3,0.43,0.55,0.9816666666666666
0,28,6,5,32.7,2,1.2,0.39,1.00875
2,28,6,5,15.5,1,0.7,1.98,1.0216666666666667
3,28,6,5,4.3,4,1.22,0.38,0.9900000000000001
4,28,6,5,13.8,5,1.36,1.82,1.0308333333333335
5,28,6,5,-1.1,3,0.49,1.1,0.9754166666666667
5,28,6,5,-4.7,5,1.69,1.11,1.0
5,28,6,5,6.0,1,0.74,0.4,0.9845833333333333
6,28,6,5,16.7,5,1.39,1.68,1.0258333333333332
6,28,6,5,10.4,3,0.82,0.53,0.9899999999999999
6,28,6,5,8.0,1,1.73,0.22,1.04
6,28,6,5,-1.1,3,0.56,1.74,1.0541666666666665
6,28,6,5,0.5,4,1.25,0.65,1.03375
6,28,6,5,16.6,3,1.32,0.62,1.0616666666666668
7,28,6,5,-0.7,2,0.49,1.73,1.0562500000000001
8,28,6,5,-1.2,1,1.49,1.23,1.04625
8,28,6,5,14.1,2,1.83,0.9,1.07125
8,28,6,5,12.8,4,1.47,0.56,1.095
8,28,6,5,36.0,3,0.42,1.55,1.0891666666666666
9,28,6,5,36.2,3,0.58,0.37,1.04875
15,28,6,5,1.9,4,1.6,1.23,1.1
16,28,6,5,-4.0,2,1.43,0.65,1.1083333333333334
16,28,6,5,-3.2,1,0.48,1.74,1.10125
16,28,6,5,-7.5,3,0.85,0.43,1.0641666666666667
17,28,6,5,24.9,5,1.56,1.2,1.11125
18,28,6,5,-1.2,4,0.78,0.7,1.09375
20,28,6,5,-5.9,3,1.84,1.22,1.14125
20,28,6,5,35.0,1,1.39,1.36,1.1483333333333332
21,28,6,5,5.4,4,1.11,0.49,1.1379166666666667
21,28,6,5,-0.9,1,1.4,1.69,1.1758333333333335
21,28,6,5,24.3,3,0.79,0.74,1.1383333333333334
21,28,6,5,15.7,2,0.45,1.39,1.12625
22,28,6,5,-6.4,3,1.68,0.82,1.1383333333333334
22,28,6,5,38.1,4,0.63,1.73,1.1304166666666666
23,28,6,5,19.5,5,1.88,0.56,1.1366666666666667
1,29,0,5,14.6,1,0.69,1.25,1.1420833333333333
2,29,0,5,13.0,4,1.24,1.32,1.1416666666666668
2,29,0,5,28.1,3,1.61,0.49,1.15375
2,29,0,5,11.1,1,0.94,1.49,1.1725
2,29,0,5,5.7,4,0.98,1.83,1.1512499999999999
6,29,0,5,35.0,3,0.35,1.47,1.0895833333333333
6,29,0,5,30.9,5,1.99,0.42,1.1112499999999998
8,29,0,5,-8.0,4,1.33,0.58,1.1491666666666667
8,29,0,5,-8.5,2,0.38,1.6,1.1408333333333334
8,29,0,5,-6.7,3,0.41,1.43,1.0912499999999998
9,29,0,5,11.1,5,0.78,0.48,1.0641666666666667
10,29,0,5,-9.2,2,1.68,0.85,1.1141666666666665
10,29,0,5,13.0,1,0.31,1.56,1.0916666666666666
11,29,0,5,29.1,1,1.88,0.78,1.1050000000000002
12,29,0,5,34.6,3,1.31,1.84,1.1270833333333334
14,29,0,5,0.7,3,0.91,1.39,1.0883333333333334
16,29,0,5,35.2,4,1.42,1.11,1.0895833333333333
16,29,0,5,16.0,2,1.93,1.4,1.12375
16,29,0,5,-2.1,5,0.72,0.79,1.0954166666666667
17,29,0,5,12.0,5,0.32,0.45,1.0758333333333334
17,29,0,5,39.2,5,0.97,1.68,1.0975
18,29,0,5,1.2,1,0.52,0.63,1.0491666666666666
18,29,0,5,27.7,3,1.12,1.88,1.0695833333333333
19,29,0,5,1.8,1,1.09,0.69,1.0366666666666666
20,29,0,5,22.4,2,0.77,1.24,1.04
20,29,0,5,31.3,3,1.54,1.61,1.0525
23,29,0,5,20.9,4,1.11,0.94,1.0316666666666665
0,30,1,5,0.5,5,1.11,0.98,1.03875
2,30,1,5,18.8,2,0.39,0.35,1.0141666666666669
2,30,1,5,32.1,3,1.27,1.99,1.0525
2,30,1,5,29.2,1,0.97,1.33,1.01
4,30,1,5,15.0,5,0.62,0.38,0.9804166666666667
4,30,1,5,-6.9,4,0.89,0.41,1.0016666666666667
5,30,1,5,25.7,5,0.6,0.78,1.0095833333333333
6,30,1,5,38.5,5,1.33,1.68,1.0325
6,30,1,5,17.7,3,1.38,0.31,1.02
6,30,1,5,10.5,2,0.61,1.88,1.0325
7,30,1,5,29.7,5,1.54,1.31,1.0183333333333333
7,30,1,5,30.2,2,0.2,0.91,0.9720833333333333
8,30,1,5,18.9,2,1.79,1.42,1.00875
9,30,1,5,7.3,3,1.41,1.93,1.0083333333333335
10,30,1,5,26.8,4,0.38,0.72,0.9437500000000001
10,30,1,5,20.2,4,0.69,0.32,0.9425
10,30,1,5,36.0,1,1.25,0.97,0.9812499999999998
11,30,1,5,23.0,3,0.21,0.52,0.9495833333333333
11,30,1,5,25.1,5,0.95,1.12,0.9674999999999999
11,30,1,5,33.7,2,1.67,1.09,0.9904166666666666
12,30,1,5,29.4,4,1.57,0.77,1.0104166666666667
13,30,1,5,39.7,3,1.64,1.54,1.0466666666666666
13,30,1,5,0.6,3,2.0,1.11,1.0658333333333334
14,30,1,5,-7.1,1,1.77,1.11,1.0933333333333333
14,30,1,5,32.9,5,1.52,0.39,1.1104166666666666
14,30,1,5,-4.8,3,0.91,1.27,1.1320833333333333
15,30,1,5,10.5,1,0.64,0.97,1.1058333333333332
15,30,1,5,0.0,4,0.77,0.62,1.0975
15,30,1,5,16.9,4,0.78,0.89,1.1041666666666667
15,30,1,5,19.0,3,1.24,0.6,1.11875
16,30,1,5,22.3,5,1.77,1.33,1.1675
16,30,1,5,10.9,5,0.66,1.38,1.1395833333333332
18,30,1,5,37.9,1,0.44,0.61,1.1004166666666666
20,30,1,5,31.0,2,1.66,1.54,1.1441666666666668
20,30,1,5,37.0,1,1.42,0.2,1.1391666666666667
20,30,1,5,39.0,5,1.62,1.79,1.1983333333333335
21,30,1,5,-9.8,3,0.93,1.41,1.1624999999999999
22,30,1,5,30.4,1,1.39,0.38,1.1616666666666666
23,30,1,5,21.2,1,1.24,0.69,1.1975
1,31,2,5,32.3,2,0.72,1.25,1.19875
1,31,2,5,3.6,5,0.97,0.21,1.1870833333333335
5,31,2,5,-0.9,1,0.49,0.95,1.19875
6,31,2,5,6.7,2,0.39,1.67,1.1754166666666668
7,31,2,5,30.1,4,1.64,1.57,1.1741666666666666
7,31,2,5,7.6,2,1.57,1.64,1.1741666666666666
8,31,2,5,12.7,4,0.96,2.0,1.1458333333333333
8,31,2,5,22.9,4,1.28,1.77,1.1158333333333332
9,31,2,5,-4.8,3,0.56,1.52,1.0654166666666667
9,31,2,5,-9.6,1,1.72,0.91,1.07375
10,31,2,5,13.1,2,1.85,0.64,1.1129166666666668
11,31,2,5,-3.8,3,0.48,0.77,1.10625
11,31,2,5,7.4,5,1.74,0.78,1.1466666666666667
12,31,2,5,21.2,3,0.55,1.24,1.1370833333333332
13,31,2,5,-3.0,2,1.49,1.77,1.1475
14,31,2,5,6.9,4,0.88,0.66,1.1104166666666668
14,31,2,5,13.5,5,1.51,0.44,1.1458333333333333
15,31,2,5,-4.8,2,0.25,1.66,1.1379166666666667
18,31,2,5,3.2,5,1.45,1.42,1.1291666666666667
18,31,2,5,7.8,1,0.38,1.62,1.0858333333333334
20,31,2,5,28.3,5,0.36,0.93,1.0333333333333334
21,31,2,5,-1.6,2,0.56,1.39,1.0179166666666666
21,31,2,5,22.3,4,0.28,1.24,0.9716666666666667
22,31,2,5,-6.7,2,1.99,0.72,1.0029166666666667
0,1,3,6,33.2,3,1.01,0.97,1.015
1,1,3,6,-1.6,3,1.44,0.49,1.0345833333333332
1,1,3,6,36.0,5,0.98,0.39,1.055
1,1,3,6,18.2,2,1.88,1.64,1.1170833333333334
2,1,3,6,20.4,4,1.45,1.57,1.1091666666666666
3,1,3,6,32.7,4,1.14,0.96,1.09125
4,1,3,6,4.9,5,0.44,1.28,1.0695833333333333
4,1,3,6,34.2,3,1.11,0.56,1.0625
5,1,3,6,-0.8,3,0.47,1.72,1.05875
6,1,3,6,38.6,5,1.94,1.85,1.0679166666666666
7,1,3,6,-9.0,1,0.46,0.48,1.01
7,1,3,6,-0.8,2,0.34,1.74,1.0041666666666667
8,1,3,6,36.4,4,0.88,0.55,0.9683333333333333
8,1,3,6,21.6,5,0.57,1.49,0.9691666666666666
9,1,3,6,0.0,3,1.92,0.88,0.9870833333333334
10,1,3,6,32.5,3,0.67,1.51,0.9783333333333332
10,1,3,6,8.1,2,0.69,0.25,0.9441666666666667
10,1,3,6,35.9,1,1.76,1.45,1.0070833333333333
10,1,3,6,17.0,1,0.6,0.38,0.9716666666666667
10,1,3,6,-1.5,3,1.84,0.36,1.0325
11,1,3,6,9.8,3,1.27,0.56,1.0704166666666666
11,1,3,6,14.4,1,1.29,0.28,1.1008333333333333
12,1,3,6,15.5,1,0.24,1.99,1.0991666666666666
13,1,3,6,25.6,3,1.88,1.01,1.0945833333333332
16,1,3,6,35.4,3,0.3,1.44,1.065
16,1,3,6,1.6,1,0.77,0.98,1.0370833333333334
18,1,3,6,-4.8,4,1.84,1.88,1.0729166666666667
18,1,3,6,31.2,2,1.91,1.45,1.0741666666666665
19,1,3,6,24.9,4,0.24,1.14,1.02375
19,1,3,6,22.3,2,1.88,0.44,1.0545833333333332
19,1,3,6,6.5,2,0.86,1.11,1.0720833333333333
19,1,3,6,1.8,1,0.39,0.47,1.0420833333333335
20,1,3,6,16.3,5,0.79,1.94,1.0554166666666667
20,1,3,6,5.3,1,1.86,0.46,1.0520833333333333
20,1,3,6,12.2,3,1.3,0.34,1.0870833333333334
21,1,3,6,10.9,2,1.33,0.88,1.1283333333333334
21,1,3,6,7.4,1,0.22,0.57,1.1008333333333333
21,1,3,6,-3.5,4,1.52,1.92,1.1404166666666666
22,1,3,6,11.5,2,1.0,0.67,1.1020833333333333
22,1,3,6,10.5,4,0.98,0.69,1.115
0,2,4,6,4.2,1,1.03,1.76,1.1291666666666667
1,2,4,6,11.1,1,0.78,0.6,1.0883333333333334
1,2,4,6,-5.2,5,0.38,1.84,1.0791666666666668
2,2,4,6,4.5,3,1.22,1.27,1.0533333333333335
6,2,4,6,2.8,1,1.61,1.29,1.0675000000000001
6,2,4,6,32.7,5,1.32,0.24,1.0687499999999999
7,2,4,6,12.3,4,0.57,1.88,1.0825
8,2,4,6,-0.9,5,1.62,0.3,1.0716666666666668
8,2,4,6,-7.9,5,1.91,0.77,1.1387500000000002
8,2,4,6,36.6,4,1.81,1.84,1.1820833333333334
8,2,4,6,2.3,1,1.58,1.91,1.17125
9,2,4,6,-3.9,3,1.52,0.24,1.155
10,2,4,6,-3.2,3,1.02,1.88,1.1875
10,2,4,6,18.3,2,1.19,0.86,1.15875
10,2,4,6,35.8,2,0.31,0.39,1.1358333333333335
11,2,4,6,17.8,1,0.59,0.79,1.1441666666666668
12,2,4,6,21.7,3,0.67,1.86,1.1391666666666667
13,2,4,6,-8.5,1,1.03,1.3,1.1045833333333335
14,2,4,6,3.9,4,1.78,1.33,1.1245833333333335
14,2,4,6,2.8,2,1.14,0.22,1.1166666666666665
15,2,4,6,22.8,3,1.75,1.52,1.1804166666666667
15,2,4,6,8.5,1,0.36,1.0,1.1320833333333333
17,2,4,6,39.7,3,1.45,0.98,1.1508333333333334
17,2,4,6,22.8,3,1.22,1.03,1.1608333333333334
17,2,4,6,27.9,1,1.34,0.78,1.1737499999999998
17,2,4,6,33.3,4,1.28,0.38,1.1945833333333333
19,2,4,6,33.7,4,1.76,1.22,1.2520833333333332
19,2,4,6,36.2,3,1.55,1.61,1.2658333333333334
20,2,4,6,-3.4,1,0.55,1.32,1.2216666666666667
20,2,4,6,14.2,2,1.77,0.57,1.2404166666666667
22,2,4,6,29.0,1,1.66,1.62,1.2858333333333334
22,2,4,6,17.7,3,0.44,1.91,1.2366666666666666
22,2,4,6,-4.1,1,0.42,1.81,1.1745833333333333
23,2,4,6,30.1,3,1.69,1.58,1.1695833333333334
23,2,4,6,25.6,4,0.6,1.52,1.12875
0,3,5,6,33.5,3,0.53,1.02,1.0875
0,3,5,6,21.8,5,0.26,1.19,1.0558333333333334
0,3,5,6,21.7,3,0.27,0.31,1.0175
0,3,5,6,22.5,5,1.22,0.59,1.0554166666666667
1,3,5,6,31.1,3,1.35,0.67,1.0870833333333334
4,3,5,6,-2.9,2,1.51,1.03,1.1220833333333333
5,3,5,6,-8.9,4,1.92,1.78,1.1591666666666667
5,3,5,6,0.9,3,0.91,1.14,1.1229166666666666
6,3,5,6,-0.5,4,1.07,1.75,1.12
6,3,5,6,34.8,3,1.22,0.36,1.0979166666666667
7,3,5,6,27.3,5,0.66,1.45,1.1104166666666666
7,3,5,6,27.6,3,0.56,1.22,1.0733333333333333
8,3,5,6,19.9,5,0.84,1.34,1.0574999999999999
8,3,5,6,4.0,2,1.12,1.28,1.0483333333333333
9,3,5,6,-6.2,4,1.75,1.76,1.0679166666666666
11,3,5,6,24.1,1,1.1,1.55,1.0404166666666668
11,3,5,6,-6.6,2,1.69,0.55,1.04625
12,3,5,6,5.6,1,1.19,1.77,1.0729166666666667
12,3,5,6,0.3,1,1.51,1.66,1.0620833333333335
13,3,5,6,36.9,2,0.26,0.44,1.00375
14,3,5,6,37.8,5,0.44,0.42,1.00375
15,3,5,6,-3.4,5,1.24,1.69,1.0379166666666666
16,3,5,6,17.5,2,1.12,0.6,1.0141666666666667
17,3,5,6,5.6,4,1.43,0.53,1.04875
18,3,5,6,4.1,2,0.77,0.26,1.05875
19,3,5,6,20.8,5,1.9,0.27,1.1270833333333334
20,3,5,6,14.9,3,0.58,1.22,1.14
22,3,5,6,9.5,2,0.75,1.35,1.1204166666666666
0,4,6,6,29.9,2,1.31,1.51,1.11875
0,4,6,6,-0.3,5,0.53,1.92,1.0779166666666666
0,4,6,6,3.1,4,1.6,0.91,1.0645833333333334
1,4,6,6,2.1,3,1.46,1.07,1.0875
1,4,6,6,6.2,5,0.59,1.22,1.0675
2,4,6,6,16.0,4,1.37,0.66,1.07375
2,4,6,6,25.9,1,0.88,0.56,1.0829166666666667
3,4,6,6,-0.4,3,0.52,0.84,1.08125
4,4,6,6,39.0,2,1.72,1.12,1.1179166666666667
4,4,6,6,29.6,2,0.52,1.75,1.0929166666666668
5,4,6,6,37.9,3,1.12,1.1,1.0666666666666667
8,4,6,6,30.4,5,1.11,1.69,1.0670833333333334
9,4,6,6,2.0,1,0.84,1.19,1.0316666666666667
10,4,6,6,17.7,3,1.91,1.51,1.0616666666666668
12,4,6,6,22.5,5,0.5,0.26,1.0195833333333333
12,4,6,6,0.6,1,0.66,0.44,1.0362500000000001
13,4,6,6,7.4,5,1.9,1.24,1.0970833333333332
13,4,6,6,32.2,2,0.21,1.12,1.0541666666666667
14,4,6,6,35.8,2,0.71,1.43,1.0370833333333334
14,4,6,6,2.7,2,1.45,0.77,1.0379166666666666
15,4,6,6,-7.5,1,1.54,1.9,1.07
15,4,6,6,26.6,5,0.53,0.58,1.0129166666666667
15,4,6,6,37.3,2,1.14,0.75,1.0362500000000001
17,4,6,6,16.9,3,1.36,1.31,1.0616666666666668
18,4,6,6,-8.4,2,0.63,0.53,1.0333333333333334
18,4,6,6,-4.0,3,0.74,1.6,1.0420833333333335
19,4,6,6,2.7,1,0.58,1.46,0.9995833333333333
20,4,6,6,20.9,2,0.34,0.59,0.9529166666666667
21,4,6,6,24.5,2,1.31,1.37,0.9829166666666668
23,4,6,6,-5.3,1,0.28,0.88,0.9375
1,5,0,6,5.9,4,0.91,0.52,0.9387499999999999
4,5,0,6,38.4,2,1.04,1.72,0.9604166666666666
5,5,0,6,15.2,3,1.62,0.52,0.9562499999999999
6,5,0,6,31.8,1,1.28,1.12,0.9879166666666667
8,5,0,6,-5.7,3,0.36,1.11,0.9562499999999999
9,5,0,6,21.5,5,0.83,0.84,0.9445833333333334
9,5,0,6,-1.0,3,0.2,1.91,0.9179166666666667
9,5,0,6,27.4,3,1.36,0.5,0.895
9,5,0,6,9.0,4,0.47,0.66,0.8937499999999999
10,5,0,6,5.1,4,1.44,1.9,0.92625
10,5,0,6,17.9,4,1.62,0.21,0.9145833333333334
11,5,0,6,6.6,2,1.89,0.71,0.9845833333333333
12,5,0,6,29.5,3,0.5,1.45,0.9758333333333332
13,5,0,6,13.4,5,1.76,1.54,0.98875
14,5,0,6,30.7,5,1.1,0.53,0.9704166666666668
14,5,0,6,15.2,3,1.45,1.14,1.00875
14,5,0,6,24.0,1,0.26,1.36,0.9720833333333333
15,5,0,6,10.6,5,1.85,0.63,0.9925
17,5,0,6,23.5,4,0.8,0.74,0.9995833333333334
17,5,0,6,34.9,3,1.55,0.58,1.0333333333333334
18,5,0,6,24.2,4,1.05,0.34,1.0529166666666667
18,5,0,6,2.9,4,0.84,1.31,1.07375
22,5,0,6,-7.4,4,1.41,0.28,1.0779166666666666
23,5,0,6,10.8,5,1.37,0.91,1.1233333333333333
23,5,0,6,17.5,3,0.7,1.04,1.1145833333333333
0,6,1,6,1.0,2,0.53,1.62,1.0933333333333335
2,6,1,6,5.1,4,0.92,1.28,1.0641666666666667
3,6,1,6,-8.4,3,1.22,0.36,1.0616666666666668
4,6,1,6,20.7,1,1.67,0.83,1.11625
4,6,1,6,2.1,1,1.36,0.2,1.1383333333333334
5,6,1,6,15.3,5,1.37,1.36,1.1870833333333333
5,6,1,6,37.8,1,0.54,0.47,1.1529166666666668
5,6,1,6,33.4,5,0.98,1.44,1.1741666666666666
8,6,1,6,19.6,2,0.69,1.62,1.1429166666666666
9,6,1,6,36.5,5,1.71,1.89,1.1466666666666667
9,6,1,6,7.1,2,0.86,0.5,1.10375
9,6,1,6,3.4,3,0.33,1.76,1.0966666666666667
10,6,1,6,3.3,3,0.45,1.1,1.0420833333333335
10,6,1,6,-5.0,5,0.22,1.45,1.0054166666666666
11,6,1,6,-6.7,1,1.84,0.26,1.0216666666666667
13,6,1,6,18.7,3,0.33,1.85,1.0245833333333334
13,6,1,6,39.8,3,0.29,0.8,0.9595833333333333
14,6,1,6,19.3,2,1.83,1.55,1.0025
14,6,1,6,14.4,4,1.29,1.05,0.9916666666666666
14,6,1,6,-1.1,4,1.76,0.84,1.02125
15,6,1,6,-0.6,3,1.83,1.41,1.0625000000000002
17,6,1,6,22.3,4,1.52,1.37,1.0670833333333334
17,6,1,6,-4.3,2,0.37,0.7,1.0254166666666666
17,6,1,6,-6.4,2,1.43,0.53,1.0558333333333334
20,6,1,6,10.4,5,0.66,0.92,1.06125
22,6,1,6,37.4,3,1.64,1.22,1.0912499999999998
22,6,1,6,-4.4,4,1.03,1.67,1.0833333333333333
23,6,1,6,-0.4,3,0.83,1.36,1.0483333333333333
0,7,2,6,-2.0,2,0.27,1.37,1.0029166666666667
0,7,2,6,9.6,5,1.64,0.54,1.0141666666666667
2,7,2,6,-0.9,3,1.16,0.98,1.0399999999999998
2,7,2,6,25.2,4,0.74,0.69,1.03
3,7,2,6,21.8,1,1.98,1.71,1.08375
5,7,2,6,2.6,1,0.43,0.86,1.0304166666666668
6,7,2,6,37.1,4,0.22,0.33,1.00375
6,7,2,6,3.8,3,0.5,0.45,1.0108333333333335
9,7,2,6,33.4,5,1.17,0.22,1.0408333333333333
10,7,2,6,33.4,3,1.67,1.84,1.10125
10,7,2,6,15.3,1,0.39,0.33,1.0408333333333333
11,7,2,6,25.2,1,0.83,0.29,1.0616666666666665
11,7,2,6,26.9,4,1.45,1.83,1.11
12,7,2,6,1.5,3,0.52,1.29,1.0554166666666667
13,7,2,6,37.1,1,1.15,1.76,1.0495833333333333
14,7,2,6,-1.5,2,0.84,1.83,1.01125
14,7,2,6,3.3,2,0.23,1.52,0.9445833333333332
14,7,2,6,15.2,4,1.59,0.37,0.9474999999999999
16,7,2,6,25.8,1,1.29,1.43,0.9858333333333333
16,7,2,6,2.1,1,0.67,0.66,0.9541666666666666
17,7,2,6,9.1,1,1.97,1.64,1.00875
17,7,2,6,29.0,2,1.0,1.03,0.9820833333333333
18,7,2,6,12.1,2,0.55,0.83,0.9620833333333333
19,7,2,6,14.4,2,1.21,0.27,0.9779166666666668
20,7,2,6,1.6,2,1.64,1.64,1.035
20,7,2,6,13.8,5,0.21,1.16,0.9754166666666667
21,7,2,6,20.1,5,1.05,0.74,0.9708333333333333
21,7,2,6,4.6,4,0.89,1.98,0.9770833333333333
21,7,2,6,19.6,5,0.62,0.43,0.9204166666666667
22,7,2,6,-6.6,4,1.37,0.22,0.9595833333333332
22,7,2,6,39.6,1,1.55,0.5,1.015
22,7,2,6,39.1,3,0.87,1.17,1.0304166666666668
23,7,2,6,12.4,3,1.66,1.67,1.0508333333333335
23,7,2,6,10.9,1,0.26,0.39,0.9920833333333333
23,7,2,6,12.2,2,0.72,0.83,1.0058333333333334
1,8,3,6,29.7,5,0.84,1.45,1.00625
1,8,3,6,-1.4,5,0.87,0.52,0.9820833333333333
3,8,3,6,15.8,5,0.9,1.15,0.9979166666666667
4,8,3,6,34.4,3,0.79,0.84,0.9829166666666667
4,8,3,6,26.5,4,1.74,0.23,1.0204166666666667
6,8,3,6,35.2,2,1.25,1.59,1.0629166666666667
6,8,3,6,27.4,3,0.91,1.29,1.0345833333333334
7,8,3,6,18.0,5,1.47,0.67,1.0420833333333335
8,8,3,6,31.4,4,0.7,1.97,1.0433333333333332
9,8,3,6,29.2,3,1.52,1.0,1.0245833333333334
12,8,3,6,36.6,4,0.23,0.55,0.9925
13,8,3,6,11.6,4,1.52,1.21,1.0329166666666667
13,8,3,6,25.4,5,0.82,1.64,1.0166666666666666
14,8,3,6,30.0,1,0.55,0.21,0.97125
15,8,3,6,18.5,5,0.41,1.05,0.9795833333333334
15,8,3,6,9.1,5,1.06,0.89,0.98
16,8,3,6,31.2,2,1.86,0.62,1.0204166666666665
16,8,3,6,-3.6,5,1.0,1.37,1.03625
17,8,3,6,21.8,3,0.74,1.55,1.01
19,8,3,6,14.5,2,1.96,0.87,1.0270833333333333
19,8,3,6,-0.7,4,0.59,1.66,1.0154166666666666
19,8,3,6,17.8,3,1.54,0.26,1.0104166666666667
20,8,3,6,33.9,4,0.37,0.72,1.0150000000000001
21,8,3,6,33.0,3,1.3,0.84,1.0391666666666666
21,8,3,6,29.5,2,0.39,0.87,1.0204166666666665
22,8,3,6,36.4,1,0.66,0.9,1.0116666666666665
23,8,3,6,-2.0,2,0.81,0.79,1.0079166666666668
23,8,3,6,32.6,2,1.27,1.74,1.0279166666666668
23,8,3,6,35.5,1,0.81,1.25,0.9891666666666666
0,9,4,6,5.5,4,1.48,0.91,0.9987499999999999
1,9,4,6,2.9,4,0.66,1.47,0.9883333333333333
2,9,4,6,34.4,2,0.72,0.7,0.9570833333333333
4,9,4,6,-6.9,4,0.98,1.52,0.96875
5,9,4,6,19.3,2,1.2,0.23,0.9554166666666667
5,9,4,6,29.7,4,1.86,1.52,1.0233333333333332
6,9,4,6,18.3,2,1.39,0.82,1.0179166666666666
7,9,4,6,27.7,3,1.86,0.55,1.06125
8,9,4,6,33.3,2,0.69,0.41,1.0670833333333334
9,9,4,6,21.0,5,1.68,1.06,1.1199999999999999
10,9,4,6,37.2,3,1.26,1.86,1.1283333333333334
11,9,4,6,24.0,1,1.76,1.0,1.1241666666666668
11,9,4,6,33.4,4,0.64,0.74,1.1091666666666666
12,9,4,6,38.3,3,1.65,1.96,1.1470833333333335
14,9,4,6,27.4,2,1.33,0.59,1.1208333333333333
14,9,4,6,28.4,1,1.88,1.54,1.1745833333333333
14,9,4,6,3.0,5,1.95,0.37,1.1916666666666667
16,9,4,6,8.7,4,0.75,1.3,1.2074999999999998
16,9,4,6,23.7,5,0.79,0.39,1.18625
19,9,4,6,35.6,5,0.26,0.66,1.1808333333333334
21,9,4,6,21.2,1,1.58,0.81,1.2191666666666667
22,9,4,6,33.9,5,1.41,1.27,1.2441666666666666
0,10,5,6,22.6,1,0.4,0.81,1.2079166666666665
1,10,5,6,25.0,3,0.3,1.48,1.1866666666666668
2,10,5,6,35.6,1,1.05,0.66,1.16875
2,10,5,6,37.0,5,0.59,0.72,1.1658333333333333
4,10,5,6,3.4,5,0.88,0.98,1.1725
4,10,5,6,-3.1,1,1.98,1.2,1.2141666666666666
7,10,5,6,13.8,4,1.93,1.86,1.2445833333333334
7,10,5,6,5.5,2,0.34,1.39,1.1812500000000001
7,10,5,6,1.5,3,0.72,1.86,1.1533333333333333
10,10,5,6,6.7,2,1.87,0.69,1.15375
10,10,5,6,37.2,1,1.26,1.68,1.1775
11,10,5,6,27.3,2,1.51,1.26,1.1704166666666667
14,10,5,6,-4.9,5,0.68,1.76,1.14625
15,10,5,6,25.5,3,0.21,0.64,1.0816666666666668
16,10,5,6,14.2,4,1.84,1.65,1.1316666666666666
16,10,5,6,-4.9,1,1.19,1.33,1.1125
17,10,5,6,34.7,3,1.12,1.88,1.10375
17,10,5,6,31.1,1,1.15,1.95,1.0733333333333335
19,10,5,6,2.0,3,1.2,0.75,1.0420833333333335
19,10,5,6,36.3,2,1.03,0.79,1.0537500000000002
20,10,5,6,9.2,2,1.3,0.26,1.075
20,10,5,6,-1.5,3,1.92,1.58,1.1441666666666668
21,10,5,6,11.8,2,1.29,1.41,1.1320833333333333
21,10,5,6,12.2,2,0.43,0.4,1.0912499999999998
0,11,6,6,-2.0,5,1.87,0.3,1.1525
0,11,6,6,39.4,4,0.51,1.05,1.1612500000000001
0,11,6,6,27.9,4,0.29,0.59,1.1295833333333334
2,11,6,6,15.7,4,0.6,0.88,1.13
3,11,6,6,15.6,2,1.41,1.98,1.1520833333333333
4,11,6,6,5.1,3,1.52,1.93,1.1329166666666668
5,11,6,6,3.0,3,1.65,0.34,1.12125
5,11,6,6,13.1,5,0.97,0.72,1.1475
8,11,6,6,-4.5,5,1.8,1.87,1.1925000000000001
9,11,6,6,-9.0,3,1.24,1.26,1.16625
9,11,6,6,11.6,5,0.91,1.51,1.1516666666666666
10,11,6,6,19.1,1,1.92,0.68,1.16875
10,11,6,6,18.6,1,0.87,0.21,1.1766666666666667
11,11,6,6,31.9,3,0.86,1.84,1.20375
11,11,6,6,20.3,3,1.09,1.19,1.1725
11,11,6,6,28.0,2,1.11,1.12,1.1691666666666667
12,11,6,6,26.4,2,0.86,1.15,1.1583333333333332
13,11,6,6,29.9,3,0.2,1.2,1.11875
14,11,6,6,34.0,3,1.84,1.03,1.1454166666666667
15,11,6,6,16.1,5,1.7,1.3,1.1733333333333333
15,11,6,6,-5.1,3,1.6,1.92,1.1858333333333333
17,11,6,6,0.9,4,1.75,1.29,1.17875
18,11,6,6,5.0,1,0.85,0.43,1.1604166666666667
19,11,6,6,34.0,3,0.29,1.87,1.1545833333333333
22,11,6,6,-4.0,3,0.8,0.51,1.11
22,11,6,6,-6.5,3,0.27,0.29,1.0999999999999999
23,11,6,6,-1.0,5,0.97,0.6,1.1283333333333332
0,12,0,6,26.4,5,0.3,1.41,1.1158333333333332
3,12,0,6,-9.8,5,1.6,1.52,1.12375
3,12,0,6,38.9,5,0.89,1.65,1.0975
3,12,0,6,31.3,2,0.31,0.97,1.0416666666666667
4,12,0,6,7.1,1,1.71,1.8,1.0725
5,12,0,6,8.9,3,0.92,1.24,1.0358333333333334
5,12,0,6,10.8,2,1.15,0.91,1.0320833333333332
5,12,0,6,20.7,3,0.98,1.92,1.0350000000000001
8,12,0,6,-3.2,1,0.84,0.87,0.9900000000000001
10,12,0,6,2.2,4,0.67,0.86,0.9816666666666666
10,12,0,6,1.7,3,1.01,1.09,0.9879166666666667
10,12,0,6,8.1,3,1.49,1.11,1.0045833333333334
11,12,0,6,-9.7,4,0.79,0.86,0.99125
11,12,0,6,39.3,3,0.45,0.2,0.9741666666666667
12,12,0,6,31.6,4,1.84,1.84,1.0425000000000002
13,12,0,6,20.4,2,1.36,1.7,1.0225
14,12,0,6,-4.9,2,1.28,1.6,1.0050000000000001
15,12,0,6,-6.8,2,0.46,1.75,0.9575
15,12,0,6,3.3,2,0.44,0.85,0.9029166666666667
16,12,0,6,-5.2,2,0.77,0.29,0.8995833333333333
17,12,0,6,-4.4,5,1.53,0.8,0.95125
17,12,0,6,10.8,5,0.38,0.27,0.93375
17,12,0,6,20.7,5,1.82,0.97,0.9983333333333334
17,12,0,6,-0.3,3,1.95,0.3,1.0391666666666668
18,12,0,6,0.5,4,0.96,1.6,1.0666666666666667
22,12,0,6,-5.5,3,0.59,0.89,1.0245833333333334
23,12,0,6,-0.1,5,1.26,0.31,1.04
23,12,0,6,-1.1,2,1.71,1.71,1.0983333333333334
0,13,1,6,34.0,1,0.41,0.92,1.0441666666666667
1,13,1,6,31.8,4,0.77,1.15,1.0379166666666666
3,13,1,6,11.4,1,0.63,0.98,1.01625
4,13,1,6,22.8,1,0.43,0.84,0.9933333333333333
4,13,1,6,29.7,3,1.67,0.67,1.0279166666666666
6,13,1,6,-0.1,5,0.33,1.01,1.0137500000000002
7,13,1,6,-9.7,2,0.22,1.49,0.9808333333333333
7,13,1,6,-2.3,5,1.22,0.79,0.9695833333333334
7,13,1,6,19.2,1,1.37,0.45,0.99375
8,13,1,6,0.8,2,0.7,1.84,1.0041666666666667
8,13,1,6,12.5,5,1.11,1.36,0.9737499999999999
9,13,1,6,10.4,4,1.36,1.28,0.97375
11,13,1,6,-6.4,4,1.41,0.46,0.9791666666666666
11,13,1,6,17.8,4,1.92,0.44,1.04
12,13,1,6,13.8,4,1.3,0.77,1.0758333333333334
13,13,1,6,32.6,2,1.0,1.53,1.0854166666666667
13,13,1,6,-6.7,2,1.32,0.38,1.0766666666666667
13,13,1,6,8.9,1,1.6,1.82,1.1275
14,13,1,6,-1.5,5,0.66,1.95,1.0791666666666666
14,13,1,6,-1.9,2,1.34,0.96,1.05375
14,13,1,6,1.9,1,0.96,0.59,1.05375
15,13,1,6,30.4,4,1.46,1.26,1.09
16,13,1,6,15.5,2,0.58,1.71,1.0616666666666665
18,13,1,6,21.6,5,1.4,0.41,1.04875
18,13,1,6,34.5,2,0.39,0.77,1.0479166666666668
18,13,1,6,8.5,1,0.97,0.63,1.0562500000000001
18,13,1,6,13.5,3,1.62,0.43,1.0975
20,13,1,6,33.9,3,0.96,1.67,1.1195833333333332
20,13,1,6,38.8,1,1.44,0.33,1.11
21,13,1,6,12.4,2,1.23,0.22,1.1475
21,13,1,6,-1.3,1,0.34,1.22,1.1525
22,13,1,6,18.4,5,1.23,1.37,1.1529166666666668
23,13,1,6,4.4,4,0.3,0.7,1.1083333333333334
1,14,2,6,-6.0,3,0.42,1.11,1.0966666666666667
1,14,2,6,8.9,3,1.58,1.36,1.1162500000000002
2,14,2,6,29.2,4,0.49,1.41,1.0799999999999998
4,14,2,6,-2.7,1,1.32,1.92,1.07625
5,14,2,6,10.5,5,0.52,1.3,1.0179166666666666
5,14,2,6,-4.4,1,0.85,1.0,0.9991666666666666
5,14,2,6,18.9,5,1.6,1.32,1.0241666666666667
6,14,2,6,7.7,1,1.2,1.6,1.0191666666666668
6,14,2,6,24.5,5,0.72,0.66,0.9825
6,14,2,6,19.7,4,0.61,1.34,0.9804166666666667
7,14,2,6,15.4,5,1.84,0.96,1.00125
7,14,2,6,7.4,5,0.95,1.46,1.0008333333333332
7,14,2,6,21.7,5,0.28,0.58,0.9516666666666667
7,14,2,6,4.1,2,1.52,1.4,0.9908333333333333
8,14,2,6,-2.0,5,1.36,0.39,0.9891666666666666
9,14,2,6,18.9,3,1.95,0.97,1.0541666666666667
11,14,2,6,4.8,3,1.43,1.62,1.0733333333333335
11,14,2,6,-0.8,4,1.29,0.96,1.0595833333333333
12,14,2,6,16.9,3,0.33,1.44,1.0333333333333332
12,14,2,6,14.5,1,0.6,1.23,0.9983333333333334
12,14,2,6,32.8,5,1.57,0.34,1.0125
13,14,2,6,-4.3,5,0.99,1.23,1.0395833333333333
13,14,2,6,10.4,1,1.87,0.3,1.06625
14,14,2,6,0.0,4,1.22,0.42,1.1045833333333333
14,14,2,6,37.2,3,1.66,1.58,1.15625
15,14,2,6,-6.2,1,1.74,0.49,1.1629166666666666
20,14,2,6,31.7,1,0.81,1.32,1.17625
22,14,2,6,9.0,3,0.23,0.52,1.1308333333333334
22,14,2,6,2.9,3,0.28,0.85,1.1208333333333333
22,14,2,6,12.0,2,0.88,1.6,1.1220833333333333
23,14,2,6,37.1,2,0.71,1.2,1.085
23,14,2,6,-5.7,4,0.86,0.72,1.0708333333333333
1,15,3,6,14.5,5,1.87,0.61,1.1187500000000001
3,15,3,6,25.8,4,1.11,1.84,1.1395833333333334
3,15,3,6,24.2,3,0.55,0.95,1.0858333333333334
5,15,3,6,-4.0,5,0.49,0.28,1.0666666666666667
6,15,3,6,2.2,2,1.84,1.52,1.1316666666666666
8,15,3,6,-7.6,1,1.04,1.36,1.1116666666666666
8,15,3,6,-2.2,5,0.59,1.95,1.0795833333333333
10,15,3,6,2.3,5,1.07,1.43,1.0429166666666665
12,15,3,6,13.8,1,0.73,1.29,1.01375
12,15,3,6,15.5,3,0.5,0.33,0.9808333333333333
16,15,3,6,34.7,1,1.35,0.6,1.0233333333333334
16,15,3,6,8.4,2,0.77,1.57,1.0304166666666668
17,15,3,6,-0.1,5,1.2,0.99,1.015
18,15,3,6,27.9,4,0.46,1.87,0.9929166666666668
19,15,3,6,17.8,1,1.6,1.22,0.9816666666666668
21,15,3,6,29.0,2,1.02,1.66,0.9733333333333335
21,15,3,6,14.9,2,0.64,1.74,0.9308333333333335
21,15,3,6,29.9,5,0.38,0.81,0.8741666666666666
22,15,3,6,13.6,1,1.91,0.23,0.92
0,16,4,6,23.9,2,0.68,0.28,0.9387500000000001
4,16,4,6,19.3,2,1.96,0.88,1.00875
4,16,4,6,4.1,1,1.58,0.71,1.0379166666666666
5,16,4,6,8.4,5,1.94,0.86,1.0891666666666666
6,16,4,6,2.4,1,0.77,1.87,1.0854166666666667
7,16,4,6,21.1,5,1.26,1.11,1.0599999999999998
7,16,4,6,13.9,2,0.77,0.55,1.0458333333333334
7,16,4,6,8.7,5,1.91,0.49,1.1025
9,16,4,6,-0.2,1,1.56,1.84,1.1470833333333335
9,16,4,6,38.6,2,1.16,1.04,1.1187500000000001
10,16,4,6,37.9,2,1.03,0.59,1.1183333333333334
10,16,4,6,-0.6,4,0.66,1.07,1.12125
10,16,4,6,24.1,3,0.25,0.73,1.0870833333333334
12,16,4,6,34.0,1,1.32,0.5,1.1116666666666666
12,16,4,6,11.6,5,0.25,1.35,1.10125
14,16,4,6,36.5,2,0.44,0.77,1.0633333333333332
14,16,4,6,13.4,5,0.94,1.2,1.0704166666666668
15,16,4,6,28.7,1,1.96,0.46,1.1020833333333333
16,16,4,6,-3.1,3,0.77,1.6,1.115
17,16,4,6,29.8,4,0.29,1.02,1.0604166666666666
17,16,4,6,-0.8,2,1.24,0.64,1.0695833333333333
18,16,4,6,0.6,4,0.36,0.38,1.0579166666666666
18,16,4,6,1.5,5,1.9,1.91,1.12125
19,16,4,6,19.2,3,1.02,0.68,1.0841666666666667
21,16,4,6,24.2,5,1.16,1.96,1.1041666666666667
21,16,4,6,7.2,1,0.58,1.58,1.0466666666666666
21,16,4,6,39.3,2,1.95,1.94,1.0620833333333335
23,16,4,6,11.7,4,1.22,0.77,1.0320833333333332
23,16,4,6,28.6,3,1.79,1.26,1.0745833333333332
0,17,5,6,35.8,4,0.38,0.77,1.0379166666666666
0,17,5,6,-0.7,4,1.39,1.91,1.06375
2,17,5,6,31.3,5,1.44,1.56,1.0441666666666667
3,17,5,6,16.3,4,0.5,1.16,1.0
4,17,5,6,32.4,1,0.75,1.03,0.9829166666666667
4,17,5,6,4.0,1,1.19,0.66,0.9895833333333334
5,17,5,6,-0.5,4,0.48,0.25,0.9820833333333333
8,17,5,6,16.1,4,0.52,1.32,0.9933333333333333
10,17,5,6,20.9,3,1.81,0.25,1.0137500000000002
10,17,5,6,5.6,2,1.53,0.44,1.0670833333333334
10,17,5,6,-0.7,2,1.78,0.94,1.1229166666666666
11,17,5,6,-8.0,3,0.26,1.96,1.0945833333333332
11,17,5,6,5.0,1,1.26,0.77,1.0654166666666667
11,17,5,6,0.3,4,1.21,0.29,1.08375
11,17,5,6,-7.7,2,1.52,1.24,1.135
12,17,5,6,-7.1,1,0.32,0.36,1.0966666666666667
12,17,5,6,23.1,5,0.6,1.9,1.1066666666666667
13,17,5,6,-4.8,1,0.26,1.02,1.0383333333333333
18,17,5,6,37.0,5,1.4,1.16,1.0541666666666667
18,17,5,6,2.7,1,0.35,0.58,1.0204166666666665
19,17,5,6,-1.9,4,0.62,1.95,1.0220833333333335
21,17,5,6,35.4,4,1.71,1.22,1.0120833333333332
22,17,5,6,36.2,3,1.37,1.79,1.0183333333333333
22,17,5,6,33.3,5,0.98,0.38,0.9845833333333333
23,17,5,6,26.9,2,0.39,1.39,0.985
23,17,5,6,-2.7,3,0.98,1.44,0.9679166666666666
23,17,5,6,26.5,2,0.87,0.5,0.9441666666666667
0,18,6,6,9.0,1,0.58,0.75,0.9474999999999999
1,18,6,6,-0.3,5,1.94,1.19,0.9970833333333333
2,18,6,6,17.7,5,1.69,0.48,1.0179166666666666
3,18,6,6,28.3,3,1.81,0.52,1.0733333333333335
5,18,6,6,18.2,5,0.62,1.81,1.0775
6,18,6,6,14.3,2,1.6,1.53,1.0687499999999999
7,18,6,6,24.8,5,1.37,1.78,1.0620833333333335
8,18,6,6,6.7,3,0.43,0.26,1.0058333333333334
8,18,6,6,19.9,4,1.17,1.26,1.04375
10,18,6,6,37.6,4,0.95,1.21,1.0308333333333335
10,18,6,6,-6.2,2,0.45,1.52,0.9991666666666666
10,18,6,6,19.4,3,0.67,0.32,0.96375
10,18,6,6,-9.4,5,0.72,0.6,0.9804166666666667
11,18,6,6,38.7,5,0.66,0.26,0.9829166666666667
12,18,6,6,-6.5,2,0.98,1.4,1.0129166666666667
12,18,6,6,36.7,1,0.22,0.35,0.96375
13,18,6,6,9.2,4,0.87,0.62,0.9854166666666667
13,18,6,6,17.6,1,0.22,1.71,0.96875
13,18,6,6,10.5,4,0.54,1.37,0.9199999999999999
14,18,6,6,23.1,3,0.7,0.98,0.8920833333333333
14,18,6,6,4.4,5,0.46,0.39,0.8704166666666667
16,18,6,6,36.0,5,1.53,0.98,0.9179166666666667
18,18,6,6,12.3,5,1.81,0.87,0.9525
19,18,6,6,-5.9,4,1.81,0.58,0.9916666666666666
19,18,6,6,-4.8,5,1.06,1.94,1.0116666666666667
20,18,6,6,37.3,1,1.97,1.69,1.0129166666666667
20,18,6,6,39.5,2,1.9,1.81,1.0216666666666667
20,18,6,6,6.5,4,0.84,0.62,0.9812500000000001
22,18,6,6,-5.9,4,0.42,1.6,0.9729166666666668
22,18,6,6,16.6,5,1.07,1.37,0.9508333333333333
23,18,6,6,14.9,3,0.55,0.43,0.9166666666666666
0,19,0,6,-6.9,4,1.92,1.17,0.9787499999999999
1,19,0,6,-5.1,4,1.42,0.95,0.9891666666666667
1,19,0,6,24.9,1,1.1,0.45,0.9954166666666667
3,19,0,6,-1.3,3,1.67,0.67,1.04625
6,19,0,6,16.0,4,0.37,0.72,1.0337500000000002
6,19,0,6,15.1,4,1.51,0.66,1.0666666666666667
7,19,0,6,4.2,2,1.93,0.98,1.1195833333333332
10,19,0,6,11.7,2,0.7,0.22,1.1079166666666664
10,19,0,6,12.6,4,1.4,0.87,1.1570833333333332
10,19,0,6,33.6,2,0.51,0.22,1.1420833333333331
10,19,0,6,4.8,1,1.99,0.54,1.2158333333333333
10,19,0,6,31.8,5,0.24,0.7,1.2033333333333334
12,19,0,6,20.3,4,0.66,0.46,1.2016666666666667
14,19,0,6,19.3,3,0.87,1.53,1.21875
15,19,0,6,22.9,4,1.58,1.81,1.2208333333333332
15,19,0,6,11.6,5,0.21,1.81,1.1541666666666666
15,19,0,6,4.2,3,0.58,1.06,1.1029166666666668
15,19,0,6,34.0,1,1.54,1.97,1.1229166666666666
15,19,0,6,-1.3,1,1.15,1.9,1.0887499999999999
16,19,0,6,-5.6,3,1.05,0.84,1.0533333333333332
16,19,0,6,26.2,5,0.21,0.42,1.0270833333333333
19,19,0,6,25.8,1,0.28,1.07,1.02125
20,19,0,6,7.1,1,0.55,0.55,0.9995833333333333
22,19,0,6,10.2,5,1.58,1.92,1.0425
22,19,0,6,24.4,3,1.48,1.42,1.0241666666666667
0,20,1,6,3.2,4,1.99,1.1,1.0479166666666666
0,20,1,6,25.6,3,0.86,1.67,1.0379166666666666
1,20,1,6,34.5,4,0.94,0.37,1.0075
2,20,1,6,32.5,4,0.42,1.51,1.0095833333333333
5,20,1,6,-0.3,3,1.02,1.93,0.9891666666666667
6,20,1,6,2.3,3,1.2,0.7,0.9587500000000001
7,20,1,6,29.3,1,1.02,1.4,0.9720833333333334
8,20,1,6,-7.7,3,0.25,0.51,0.9241666666666667
8,20,1,6,28.4,3,1.3,1.99,0.9570833333333334
10,20,1,6,25.9,1,0.82,0.24,0.9083333333333333
11,20,1,6,34.1,1,1.96,0.66,0.9800000000000001
11,20,1,6,22.3,4,0.93,0.87,0.9912500000000001
12,20,1,6,1.2,4,1.09,1.58,1.0004166666666667
12,20,1,6,24.3,4,0.84,0.21,0.9695833333333334
12,20,1,6,7.5,4,1.32,0.58,1.0158333333333334
12,20,1,6,-0.4,1,0.78,1.54,1.0241666666666667
13,20,1,6,5.8,2,1.81,1.15,1.0354166666666667
14,20,1,6,23.8,3,0.47,1.05,1.0070833333333333
16,20,1,6,39.5,1,1.2,0.21,1.0133333333333334
16,20,1,6,37.8,1,0.85,0.28,1.04
18,20,1,6,4.7,5,1.99,0.55,1.1112499999999998
21,20,1,6,17.7,1,0.77,1.58,1.1204166666666666
21,20,1,6,28.8,1,1.03,1.48,1.0975
21,20,1,6,16.6,2,0.23,1.99,1.0454166666666667
22,20,1,6,6.1,4,1.69,0.86,1.0329166666666667
0,21,2,6,31.7,5,0.57,0.94,1.0208333333333333
0,21,2,6,-1.9,2,1.78,0.42,1.0558333333333334
1,21,2,6,3.4,2,0.35,1.02,1.0529166666666667
1,21,2,6,34.4,3,1.13,1.2,1.0574999999999999
1,21,2,6,26.6,4,0.6,1.02,1.0325
1,21,2,6,20.7,3,1.53,0.25,1.05375
2,21,2,6,0.0,5,0.28,1.3,1.055
2,21,2,6,-6.1,2,1.55,0.82,1.0654166666666667
2,21,2,6,38.7,5,1.86,1.96,1.10875
4,21,2,6,16.8,1,0.8,0.93,1.0604166666666666
4,21,2,6,11.5,5,1.04,1.09,1.065
7,21,2,6,0.8,3,1.61,0.84,1.0866666666666667
8,21,2,6,9.7,4,1.85,1.32,1.12875
8,21,2,6,16.1,2,0.33,0.78,1.0875
8,21,2,6,13.1,5,1.59,1.81,1.12125
9,21,2,6,14.2,4,0.74,0.47,1.0766666666666667
9,21,2,6,24.2,1,1.87,1.2,1.135
9,21,2,6,20.2,5,0.41,0.85,1.1020833333333335
10,21,2,6,-2.8,5,1.84,1.99,1.1433333333333333
10,21,2,6,21.5,3,0.67,0.77,1.0883333333333334
11,21,2,6,13.5,1,2.0,1.03,1.1395833333333334
14,21,2,6,10.2,1,1.8,0.23,1.1716666666666666
15,21,2,6,-1.3,1,0.38,1.69,1.1779166666666667
15,21,2,6,8.5,3,1.83,0.57,1.18375
15,21,2,6,3.5,3,0.63,1.78,1.18625
16,21,2,6,21.2,3,0.68,0.35,1.1404166666666666
17,21,2,6,-1.1,2,0.76,1.13,1.1575
19,21,2,6,5.0,2,0.53,0.6,1.1325
20,21,2,6,39.2,2,0.4,1.53,1.1241666666666668
20,21,2,6,-6.6,1,0.68,0.28,1.08875
21,21,2,6,11.3,4,0.28,1.55,1.08875
21,21,2,6,16.4,2,0.63,1.86,1.0504166666666668
22,21,2,6,1.8,2,0.94,0.8,1.0120833333333332
22,21,2,6,8.0,4,1.06,1.04,1.0229166666666667
0,22,3,6,-0.7,4,1.07,1.61,1.0241666666666667
1,22,3,6,6.1,5,1.12,1.85,1.0037500000000001
2,22,3,6,4.6,1,0.21,0.33,0.9354166666666667
3,22,3,6,-0.4,1,0.46,1.59,0.9408333333333334
4,22,3,6,38.7,5,1.17,0.74,0.9233333333333335
4,22,3,6,28.3,1,1.97,1.87,0.9745833333333334
6,22,3,6,13.5,4,1.36,0.41,0.9533333333333333
7,22,3,6,-2.1,1,1.25,1.84,0.9883333333333333
7,22,3,6,25.2,5,0.27,0.67,0.9229166666666666
10,22,3,6,15.4,5,0.43,2.0,0.9129166666666667
10,22,3,6,14.8,2,0.98,1.8,0.8704166666666667
11,22,3,6,2.2,3,1.01,0.38,0.8375
11,22,3,6,15.6,1,1.31,1.83,0.8762500000000001
12,22,3,6,29.6,3,1.85,0.63,0.8770833333333333
13,22,3,6,24.3,2,0.78,0.68,0.8833333333333333
14,22,3,6,-8.6,3,0.34,0.76,0.8691666666666666
15,22,3,6,-8.5,4,1.6,0.53,0.9041666666666667
16,22,3,6,22.4,5,1.32,0.4,0.9370833333333334
17,22,3,6,-2.1,4,1.35,0.68,0.9766666666666667
18,22,3,6,-0.7,4,0.89,0.28,0.9854166666666667
19,22,3,6,38.0,2,1.01,0.63,1.0158333333333334
20,22,3,6,19.2,2,1.73,0.94,1.0616666666666668
22,22,3,6,12.1,5,1.71,1.06,1.0937500000000002
22,22,3,6,27.1,4,1.08,1.07,1.0945833333333332
23,22,3,6,34.1,5,0.45,1.12,1.0687499999999999
23,22,3,6,25.5,1,1.44,0.21,1.0820833333333333
23,22,3,6,1.6,3,1.43,0.46,1.1329166666666668
0,23,4,6,30.0,3,1.8,1.17,1.18875
0,23,4,6,7.1,4,0.52,1.97,1.1616666666666666
1,23,4,6,17.2,3,1.86,1.36,1.1570833333333332
3,23,4,6,35.6,5,1.8,1.25,1.1754166666666668
3,23,4,6,11.8,5,0.47,0.27,1.1429166666666666
3,23,4,6,17.7,4,1.32,0.43,1.1866666666666668
3,23,4,6,31.3,2,1.22,0.98,1.2195833333333335
4,23,4,6,7.1,1,1.38,1.01,1.23625
7,23,4,6,0.5,4,0.34,1.31,1.2083333333333333
9,23,4,6,-8.6,2,1.22,1.85,1.2045833333333333
9,23,4,6,8.8,2,0.47,0.78,1.1470833333333335
10,23,4,6,38.3,3,0.69,0.34,1.1433333333333333
11,23,4,6,11.0,1,0.46,1.6,1.1483333333333334
11,23,4,6,0.7,2,0.38,1.32,1.0975
11,23,4,6,20.6,4,1.92,1.35,1.1225
11,23,4,6,5.9,4,1.2,0.89,1.11625
12,23,4,6,-4.5,4,0.59,1.01,1.10375
12,23,4,6,14.6,1,1.11,1.73,1.1079166666666667
13,23,4,6,-8.0,2,0.74,1.71,1.0666666666666667
13,23,4,6,39.7,1,0.63,1.08,1.0216666666666667
13,23,4,6,8.0,3,1.87,0.45,1.0545833333333334
14,23,4,6,15.7,4,1.62,1.44,1.1033333333333333
16,23,4,6,18.6,1,1.78,1.43,1.1175
17,23,4,6,-9.0,3,1.89,1.8,1.1366666666666667
18,23,4,6,39.1,1,1.19,0.52,1.11125
18,23,4,6,-2.2,4,0.27,1.86,1.1008333333333333
21,23,4,6,-6.1,2,1.22,1.8,1.0741666666666667
21,23,4,6,39.8,4,1.77,0.47,1.0729166666666667
22,23,4,6,13.3,3,1.24,1.32,1.1050000000000002
23,23,4,6,34.8,1,0.92,1.22,1.0883333333333334
23,23,4,6,5.6,1,0.8,1.38,1.0708333333333333
23,23,4,6,13.0,5,0.5,0.34,1.0341666666666667
23,23,4,6,2.8,2,0.83,1.22,1.0545833333333332
23,23,4,6,15.9,4,0.29,0.47,1.0158333333333334
0,24,5,6,3.0,4,1.5,0.69,1.05875
0,24,5,6,0.3,4,1.72,0.46,1.1016666666666668
0,24,5,6,1.9,3,1.77,0.38,1.15625
1,24,5,6,30.4,3,1.68,1.92,1.2104166666666667
4,24,5,6,25.7,3,1.25,1.2,1.1824999999999999
5,24,5,6,20.6,3,1.24,0.59,1.1841666666666668
6,24,5,6,-8.7,4,1.25,1.11,1.2116666666666667
7,24,5,6,31.1,1,1.63,0.74,1.2333333333333334
9,24,5,6,2.1,5,1.05,0.63,1.24625
9,24,5,6,30.2,3,1.6,1.87,1.2866666666666666
9,24,5,6,22.6,2,1.07,1.62,1.2533333333333332
9,24,5,6,31.6,5,0.97,1.78,1.22625
10,24,5,6,-8.5,3,1.84,1.89,1.22875
11,24,5,6,3.8,4,1.28,1.19,1.2033333333333334
11,24,5,6,19.1,2,1.11,0.27,1.2
12,24,5,6,34.6,5,0.55,1.22,1.2116666666666667
13,24,5,6,-5.0,4,1.83,1.77,1.2370833333333333
14,24,5,6,-0.3,4,0.48,1.24,1.1833333333333333
16,24,5,6,-4.5,2,1.37,0.92,1.18875
17,24,5,6,-3.4,1,1.38,0.8,1.2079166666666667
18,24,5,6,11.3,4,0.72,0.5,1.2045833333333333
18,24,5,6,-7.4,2,1.09,0.83,1.2291666666666667
19,24,5,6,14.4,1,1.42,0.29,1.25375
20,24,5,6,27.3,2,1.44,1.5,1.3016666666666665
21,24,5,6,4.9,2,0.54,1.72,1.2616666666666665
22,24,5,6,11.3,4,0.56,1.77,1.2133333333333334
23,24,5,6,29.5,2,0.47,1.68,1.1591666666666667
1,25,6,6,15.7,4,0.3,1.25,1.1016666666666668
2,25,6,6,9.6,2,0.94,1.24,1.0887499999999999
2,25,6,6,32.9,1,0.59,1.25,1.0616666666666668
3,25,6,6,25.3,2,0.5,1.63,1.0304166666666665
5,25,6,6,18.7,4,0.26,1.05,0.9733333333333333
6,25,6,6,21.7,1,0.31,1.6,0.9424999999999999
7,25,6,6,35.8,2,1.73,1.07,0.9479166666666666
8,25,6,6,39.4,4,1.73,0.97,0.9754166666666667
8,25,6,6,20.5,5,1.09,1.84,0.9804166666666667
9,25,6,6,-1.1,4,1.58,1.28,0.9695833333333334
10,25,6,6,14.8,1,0.67,1.11,0.9441666666666667
11,25,6,6,29.0,4,1.27,0.55,0.9508333333333333
13,25,6,6,-2.8,2,1.29,1.83,0.9816666666666668
13,25,6,6,-5.4,1,1.71,0.48,0.9766666666666666
14,25,6,6,23.4,1,1.62,1.37,1.0241666666666667
16,25,6,6,-3.4,1,1.65,1.38,1.0358333333333334
16,25,6,6,13.1,1,1.17,0.72,1.0270833333333333
17,25,6,6,39.2,4,1.75,1.09,1.07
17,25,6,6,30.9,2,1.09,1.42,1.07
20,25,6,6,12.5,4,1.83,1.44,1.0870833333333334
21,25,6,6,14.8,1,1.07,0.54,1.0716666666666665
21,25,6,6,-9.4,2,0.89,0.56,1.08625
22,25,6,6,29.5,1,1.46,0.47,1.12375
22,25,6,6,-5.7,5,1.3,0.3,1.1583333333333334
23,25,6,6,31.3,2,1.23,0.94,1.1970833333333333
23,25,6,6,19.3,1,1.6,0.59,1.2245833333333334
2,26,0,6,3.9,2,1.58,0.5,1.2658333333333334
3,26,0,6,10.8,2,0.46,0.26,1.2641666666666669
3,26,0,6,13.3,4,0.87,0.31,1.2895833333333333
4,26,0,6,12.1,1,1.15,1.73,1.3245833333333334
5,26,0,6,11.5,5,1.18,1.73,1.3016666666666667
5,26,0,6,20.2,4,0.73,1.09,1.26
6,26,0,6,-0.3,1,1.84,1.58,1.29125
8,26,0,6,22.4,3,0.72,0.67,1.2554166666666666
9,26,0,6,23.7,1,0.8,1.27,1.2608333333333335
9,26,0,6,24.3,4,1.68,1.29,1.2779166666666668
10,26,0,6,-1.6,4,0.48,1.71,1.2441666666666666
11,26,0,6,18.5,4,1.13,1.62,1.22
11,26,0,6,-5.0,2,1.66,1.65,1.2216666666666667
11,26,0,6,9.5,4,1.29,1.17,1.2066666666666668
11,26,0,6,-7.2,1,1.89,1.75,1.2366666666666666
12,26,0,6,-4.2,3,1.92,1.09,1.2437500000000001
12,26,0,6,26.1,3,1.51,1.83,1.26125
14,26,0,6,-2.1,1,1.5,1.07,1.2474999999999998
15,26,0,6,10.8,4,1.0,0.89,1.2445833333333332
15,26,0,6,3.5,4,0.43,1.46,1.2254166666666666
16,26,0,6,8.1,4,1.83,1.3,1.2408333333333335
17,26,0,6,18.5,2,1.47,1.23,1.2479166666666666
19,26,0,6,-4.8,4,0.63,1.6,1.2229166666666667
19,26,0,6,19.8,1,1.35,1.58,1.2125000000000001
21,26,0,6,0.6,3,0.72,0.46,1.1766666666666665
21,26,0,6,8.8,4,0.59,0.87,1.1820833333333332
21,26,0,6,14.4,2,0.23,1.15,1.1554166666666668
23,26,0,6,9.0,2,0.82,1.18,1.1416666666666666
23,26,0,6,8.9,3,1.74,0.73,1.165
0,27,1,6,17.8,4,0.23,1.84,1.1441666666666666
1,27,1,6,32.2,1,1.95,0.72,1.14875
2,27,1,6,17.0,4,1.15,0.8,1.1666666666666667
2,27,1,6,7.2,3,1.21,1.68,1.18375
2,27,1,6,11.0,3,0.3,0.48,1.12625
3,27,1,6,7.7,1,1.69,1.13,1.1766666666666665
3,27,1,6,-7.5,5,1.14,1.66,1.1770833333333333
4,27,1,6,38.5,4,0.63,1.29,1.1341666666666665
5,27,1,6,4.5,4,1.66,1.89,1.1495833333333334
5,27,1,6,-9.5,2,0.94,1.92,1.11
7,27,1,6,2.2,1,0.57,1.51,1.05375
8,27,1,6,30.7,1,1.93,1.5,1.07125
9,27,1,6,16.0,3,1.45,1.0,1.0691666666666666
9,27,1,6,8.5,5,1.9,0.43,1.1066666666666667
14,27,1,6,20.8,5,1.73,1.83,1.1608333333333334
15,27,1,6,-5.2,5,0.83,1.47,1.1191666666666666
15,27,1,6,6.2,3,1.68,0.63,1.1279166666666667
15,27,1,6,18.2,4,0.47,1.35,1.12125
15,27,1,6,-4.1,2,0.78,0.72,1.0975
16,27,1,6,39.9,1,0.56,0.59,1.0908333333333333
16,27,1,6,14.2,3,0.43,0.23,1.0841666666666667
17,27,1,6,0.2,2,0.27,0.82,1.0858333333333332
19,27,1,6,35.4,3,1.34,1.74,1.1075
19,27,1,6,-3.6,5,0.54,0.23,1.0574999999999999
21,27,1,6,-9.9,2,1.65,1.95,1.1166666666666667
21,27,1,6,4.3,2,1.26,1.15,1.0879166666666666
22,27,1,6,18.3,3,1.3,1.21,1.0941666666666665
0,28,2,6,17.1,2,1.76,0.3,1.1170833333333332
0,28,2,6,10.7,5,1.46,1.69,1.1654166666666665
3,28,2,6,-7.9,2,1.79,1.14,1.1695833333333334
4,28,2,6,0.7,3,1.01,0.63,1.1641666666666668
4,28,2,6,-0.7,3,1.76,1.66,1.21125
7,28,2,6,26.6,1,0.67,0.94,1.1700000000000002
7,28,2,6,35.1,4,1.42,0.57,1.19
7,28,2,6,33.9,2,1.5,1.93,1.22875
8,28,2,6,23.8,3,0.69,1.45,1.1770833333333333
8,28,2,6,9.8,4,1.76,1.9,1.19
9,28,2,6,21.1,5,1.28,1.73,1.1641666666666668
9,28,2,6,3.9,4,0.76,0.83,1.12375
13,28,2,6,-9.1,1,0.93,1.68,1.1279166666666667
14,28,2,6,33.8,3,1.16,0.47,1.10625
15,28,2,6,8.9,2,0.71,0.78,1.11625
15,28,2,6,20.8,3,0.73,0.56,1.1141666666666665
15,28,2,6,32.1,5,1.56,0.43,1.1558333333333335
16,28,2,6,-3.5,5,1.32,0.27,1.1929166666666668
17,28,2,6,-3.6,1,0.77,1.34,1.21375
17,28,2,6,37.2,3,1.6,0.54,1.2245833333333331
18,28,2,6,-2.9,5,1.93,1.65,1.2825
18,28,2,6,6.2,4,1.03,1.26,1.2566666666666666
18,28,2,6,9.0,4,0.59,1.3,1.22875
19,28,2,6,4.9,2,1.39,1.76,1.2325
19,28,2,6,-9.5,1,1.76,1.46,1.2325000000000002
19,28,2,6,26.0,5,1.21,1.79,1.2220833333333332
19,28,2,6,-5.7,5,1.4,1.01,1.2058333333333333
20,28,2,6,38.9,4,0.94,1.76,1.2029166666666666
21,28,2,6,32.2,3,0.45,0.67,1.1483333333333334
0,29,3,6,22.0,3,1.45,1.42,1.1808333333333334
1,29,3,6,31.1,3,1.48,1.5,1.1833333333333333
4,29,3,6,14.9,4,0.66,0.69,1.1483333333333334
4,29,3,6,9.9,1,1.09,1.76,1.165
6,29,3,6,31.7,5,1.9,1.28,1.1708333333333334
7,29,3,6,21.5,5,1.05,0.76,1.1612500000000001
8,29,3,6,-0.2,5,1.85,0.93,1.2066666666666666
9,29,3,6,2.7,5,0.57,1.16,1.1916666666666667
9,29,3,6,-0.7,2,0.43,0.71,1.16125
15,29,3,6,33.3,2,1.05,0.73,1.1754166666666666
15,29,3,6,5.1,5,1.61,1.56,1.2120833333333334
17,29,3,6,-8.5,5,0.65,1.32,1.1741666666666666
17,29,3,6,8.2,3,1.83,0.77,1.1954166666666666
18,29,3,6,-6.5,4,1.97,1.6,1.2454166666666666
18,29,3,6,17.9,1,1.29,1.93,1.2325000000000002
20,29,3,6,-0.3,1,1.22,1.03,1.2029166666666666
20,29,3,6,7.3,5,1.35,0.59,1.21625
21,29,3,6,32.9,5,1.46,1.39,1.2525000000000002
22,29,3,6,-5.0,4,0.39,1.76,1.2108333333333332
22,29,3,6,38.6,1,1.83,1.21,1.2137499999999999
23,29,3,6,13.7,3,0.91,1.4,1.2012500000000002
23,29,3,6,-5.0,4,1.46,0.94,1.20375
0,30,4,6,6.2,2,0.85,0.45,1.2
3,30,4,6,24.7,3,1.51,1.45,1.2441666666666666
3,30,4,6,33.7,1,1.22,1.48,1.2345833333333334
4,30,4,6,-9.9,5,1.66,0.66,1.2420833333333332
4,30,4,6,0.4,5,1.6,1.09,1.28125
9,30,4,6,24.3,3,1.43,1.9,1.2954166666666667
9,30,4,6,26.3,1,0.43,1.05,1.2341666666666666
11,30,4,6,6.1,2,1.49,1.85,1.2525
12,30,4,6,19.9,1,1.18,0.57,1.2245833333333334
12,30,4,6,12.3,4,1.97,0.43,1.2829166666666667
13,30,4,6,18.6,2,1.17,1.05,1.31375
14,30,4,6,34.9,4,0.82,1.61,1.3041666666666667
14,30,4,6,26.1,5,1.98,0.65,1.3195833333333333
14,30,4,6,-8.0,5,1.99,1.83,1.3754166666666665
14,30,4,6,13.4,5,1.29,1.97,1.3529166666666665
17,30,4,6,18.4,3,0.48,1.29,1.2908333333333333
21,30,4,6,26.9,4,0.82,1.22,1.27125
21,30,4,6,24.1,3,1.17,1.35,1.2691666666666668
22,30,4,6,8.8,5,1.58,1.46,1.2787499999999998
4,1,5,7,8.5,4,0.31,0.39,1.2308333333333332
5,1,5,7,12.6,4,0.87,1.83,1.2508333333333335
5,1,5,7,33.4,2,1.68,0.91,1.2445833333333334
6,1,5,7,30.4,5,1.87,1.46,1.2845833333333332
7,1,5,7,38.7,5,1.96,0.85,1.3054166666666667
7,1,5,7,-5.8,2,0.42,1.51,1.2875
8,1,5,7,0.2,4,1.08,1.22,1.2695833333333333
9,1,5,7,9.1,3,1.03,1.66,1.2616666666666667
9,1,5,7,1.1,4,1.16,1.6,1.2408333333333335
10,1,5,7,35.7,3,0.69,1.43,1.2029166666666666
11,1,5,7,-6.7,5,1.19,0.43,1.1929166666666666
12,1,5,7,32.4,5,0.55,1.49,1.1979166666666667
14,1,5,7,12.5,4,1.21,1.18,1.18625
15,1,5,7,8.4,5,1.48,1.97,1.19875
16,1,5,7,29.3,2,0.66,1.17,1.1441666666666666
18,1,5,7,19.8,3,1.31,0.82,1.1500000000000001
19,1,5,7,12.3,2,1.31,1.98,1.1704166666666667
19,1,5,7,-5.6,1,0.98,1.99,1.12875
20,1,5,7,3.8,5,0.43,1.29,1.06375
20,1,5,7,26.9,3,0.71,0.48,1.0395833333333333
21,1,5,7,30.6,4,1.64,0.82,1.0879166666666666
21,1,5,7,30.7,2,1.29,1.17,1.1075000000000002
22,1,5,7,25.6,5,0.29,1.58,1.0708333333333333
23,1,5,7,7.2,4,0.95,0.31,1.0445833333333332
23,1,5,7,37.8,1,0.51,0.87,1.0529166666666667
23,1,5,7,5.3,2,1.65,1.68,1.0854166666666665
0,2,6,7,-8.3,5,0.95,1.87,1.055
1,2,6,7,35.9,5,0.33,1.96,0.9908333333333333
4,2,6,7,11.3,5,1.95,0.42,0.9904166666666666
4,2,6,7,39.9,3,0.23,1.08,0.9824999999999999
5,2,6,7,30.3,3,0.94,1.03,0.9766666666666667
6,2,6,7,-4.1,3,1.17,1.16,0.9824999999999999
6,2,6,7,18.2,2,1.89,0.69,1.0129166666666667
8,2,6,7,14.7,4,1.51,1.19,1.0470833333333334
8,2,6,7,11.9,1,1.79,0.55,1.0720833333333333
9,2,6,7,31.2,5,1.99,1.21,1.1320833333333333
9,2,6,7,-9.6,2,1.78,1.48,1.1558333333333333
10,2,6,7,31.0,5,0.25,0.66,1.1045833333333335
10,2,6,7,-8.0,5,0.44,1.31,1.0954166666666667
10,2,6,7,21.9,2,1.71,1.31,1.1120833333333333
10,2,6,7,-1.4,4,0.59,0.98,1.0820833333333333
12,2,6,7,33.9,4,0.81,0.43,1.075
14,2,6,7,37.1,3,1.29,0.71,1.1108333333333333
14,2,6,7,-4.1,2,0.57,1.64,1.105
15,2,6,7,32.8,1,1.41,1.29,1.0954166666666667
16,2,6,7,9.6,4,0.79,0.29,1.0745833333333332
16,2,6,7,23.1,2,1.7,0.95,1.1333333333333333
18,2,6,7,22.4,4,1.63,0.51,1.1616666666666666
20,2,6,7,12.4,2,1.05,1.65,1.1841666666666666
22,2,6,7,15.1,4,0.86,0.95,1.1512499999999999
22,2,6,7,-6.3,5,1.46,0.33,1.1725
23,2,6,7,8.4,1,1.14,1.95,1.20625
23,2,6,7,-8.6,1,0.9,0.23,1.1624999999999999
23,2,6,7,36.1,2,1.17,0.94,1.2016666666666667
1,3,0,7,6.1,4,1.05,1.17,1.20625
1,3,0,7,15.4,2,1.03,1.89,1.2004166666666667
2,3,0,7,0.2,3,0.43,1.51,1.1395833333333332
2,3,0,7,6.6,2,1.62,1.79,1.1441666666666666
3,3,0,7,15.2,2,0.2,1.99,1.0779166666666666
4,3,0,7,24.9,3,1.5,1.78,1.0574999999999999
4,3,0,7,39.4,4,1.02,0.25,1.0258333333333332
6,3,0,7,30.0,1,0.91,0.44,1.0533333333333332
7,3,0,7,-4.2,5,1.11,1.71,1.08125
7,3,0,7,-5.1,4,1.19,0.59,1.0595833333333333
8,3,0,7,3.2,4,0.76,0.81,1.0666666666666667
9,3,0,7,3.4,1,0.65,1.29,1.0599999999999998
9,3,0,7,13.8,4,0.35,0.57,1.0208333333333333
11,3,0,7,10.0,2,1.93,1.41,1.0775
12,3,0,7,18.6,1,1.79,0.79,1.0933333333333333
16,3,0,7,8.5,2,1.81,1.7,1.1358333333333333
16,3,0,7,5.6,3,0.52,1.63,1.0866666666666667
16,3,0,7,-6.3,1,1.3,1.05,1.0729166666666667
17,3,0,7,-5.2,5,0.74,0.86,1.06
22,3,0,7,-3.9,2,0.34,1.46,1.0383333333333333
22,3,0,7,35.2,2,1.02,1.14,1.02
1,4,1,7,21.9,4,0.48,0.9,0.9925
2,4,1,7,2.4,1,1.66,1.17,1.0241666666666667
3,4,1,7,34.0,4,0.59,1.05,1.0
3,4,1,7,33.4,4,1.31,1.03,1.0108333333333333
3,4,1,7,2.7,5,0.64,0.43,0.9945833333333334
4,4,1,7,17.6,5,1.63,1.62,1.0445833333333334
6,4,1,7,33.8,2,1.34,0.2,1.0329166666666667
7,4,1,7,18.6,3,0.87,1.5,1.0608333333333333
7,4,1,7,14.4,4,1.06,1.02,1.0425000000000002
7,4,1,7,-1.1,1,1.49,0.91,1.0620833333333333
7,4,1,7,3.8,4,0.99,1.11,1.0654166666666667
8,4,1,7,0.5,2,1.18,1.19,1.0683333333333331
10,4,1,7,21.8,1,0.79,0.76,1.0516666666666667
11,4,1,7,12.5,1,1.34,0.65,1.0758333333333334
13,4,1,7,32.1,5,0.82,0.35,1.0829166666666667
14,4,1,7,12.9,1,1.78,1.93,1.1424999999999998
14,4,1,7,21.4,3,1.5,1.79,1.1245833333333333
15,4,1,7,9.3,2,0.26,1.81,1.0608333333333333
15,4,1,7,2.7,4,0.28,0.52,0.9970833333333333
16,4,1,7,18.2,5,1.4,1.3,1.03375
18,4,1,7,26.8,3,1.35,0.74,1.0358333333333334
18,4,1,7,37.9,1,1.06,0.34,1.0491666666666666
20,4,1,7,11.5,1,1.04,1.02,1.0783333333333334
20,4,1,7,30.8,1,1.49,0.48,1.0979166666666667
20,4,1,7,6.6,2,1.71,1.66,1.1491666666666667
21,4,1,7,23.0,3,1.55,0.59,1.1445833333333333
22,4,1,7,6.3,1,1.92,1.31,1.2
23,4,1,7,4.2,4,0.23,0.64,1.155
23,4,1,7,32.8,2,1.67,1.63,1.1979166666666667
23,4,1,7,1.1,2,1.14,1.34,1.1775
23,4,1,7,-1.1,4,1.85,0.87,1.1987500000000002
0,5,2,7,-6.3,3,1.31,1.06,1.2170833333333333
1,5,2,7,9.4,4,0.94,1.49,1.2120833333333334
1,5,2,7,0.5,2,1.04,0.99,1.1933333333333334
1,5,2,7,38.8,3,1.14,1.18,1.1995833333333334
3,5,2,7,7.8,2,0.56,0.79,1.17375
4,5,2,7,13.7,1,1.01,1.34,1.1829166666666666
5,5,2,7,4.5,4,1.99,0.82,1.21
5,5,2,7,26.9,2,0.22,1.78,1.1849999999999998
6,5,2,7,34.0,3,1.35,1.5,1.1670833333333335
7,5,2,7,6.9,5,0.55,0.26,1.1275000000000002
7,5,2,7,35.0,3,0.38,0.28,1.1325
8,5,2,7,1.7,1,1.28,1.4,1.1741666666666666
8,5,2,7,27.0,2,1.76,1.35,1.1891666666666667
10,5,2,7,31.8,1,1.42,1.06,1.1920833333333334
11,5,2,7,-2.6,4,1.69,1.04,1.2183333333333333
13,5,2,7,3.9,5,0.56,1.49,1.1983333333333335
14,5,2,7,36.9,1,1.19,1.71,1.1858333333333333
14,5,2,7,-9.0,2,0.35,1.55,1.1291666666666667
14,5,2,7,21.5,4,1.04,1.92,1.1079166666666667
14,5,2,7,37.6,1,0.65,0.23,1.055
17,5,2,7,25.7,3,1.48,1.67,1.1070833333333334
18,5,2,7,18.0,3,1.9,1.14,1.1166666666666667
19,5,2,7,-9.8,3,0.93,1.85,1.1079166666666667
19,5,2,7,32.5,2,0.31,1.31,1.04375
21,5,2,7,-0.3,4,0.96,0.94,1.0291666666666666
22,5,2,7,21.6,1,1.56,1.04,1.055
23,5,2,7,2.5,2,0.88,1.14,1.0483333333333333
23,5,2,7,-7.7,2,1.02,0.56,1.0433333333333332
0,6,3,7,4.6,1,1.6,1.01,1.0866666666666667
1,6,3,7,9.2,4,1.85,1.99,1.1216666666666666
3,6,3,7,34.0,1,1.31,0.22,1.0933333333333335
3,6,3,7,-6.5,1,0.56,1.35,1.1075000000000002
3,6,3,7,7.1,5,1.88,0.55,1.1295833333333334
5,6,3,7,13.7,2,0.43,0.38,1.1245833333333333
6,6,3,7,2.1,5,1.9,1.28,1.1879166666666667
6,6,3,7,-5.4,4,0.75,1.76,1.1658333333333333
7,6,3,7,31.9,2,0.32,1.42,1.1058333333333332
7,6,3,7,36.2,4,0.38,1.69,1.0625
8,6,3,7,5.3,4,1.0,0.56,1.0337500000000002
8,6,3,7,-1.4,1,1.45,1.19,1.0708333333333333
9,6,3,7,-3.1,1,0.28,0.35,1.0329166666666667
11,6,3,7,-0.6,3,1.95,1.04,1.0995833333333334
11,6,3,7,20.0,5,1.76,0.65,1.1295833333333334
11,6,3,7,25.5,5,0.44,1.48,1.1208333333333333
13,6,3,7,39.0,1,1.79,1.9,1.13375
14,6,3,7,19.1,3,0.58,0.93,1.07875
17,6,3,7,16.2,1,0.79,0.31,1.0729166666666667
19,6,3,7,18.4,5,1.19,0.96,1.1095833333333334
20,6,3,7,22.2,4,1.76,1.56,1.1429166666666666
21,6,3,7,20.9,5,0.45,0.88,1.0966666666666667
0,7,4,7,15.8,1,1.45,1.02,1.1204166666666666
1,7,4,7,19.4,2,0.78,1.6,1.1104166666666666
1,7,4,7,-4.7,1,0.92,1.85,1.0820833333333333
2,7,4,7,11.0,5,1.59,1.31,1.07125
3,7,4,7,-7.8,3,1.36,0.56,1.0733333333333333
3,7,4,7,4.7,3,0.6,1.88,1.075
4,7,4,7,8.7,1,1.07,0.43,1.04125
5,7,4,7,-9.7,2,1.33,1.9,1.07875
5,7,4,7,8.3,2,1.58,0.75,1.0654166666666667
6,7,4,7,11.8,5,1.5,0.32,1.0966666666666667
7,7,4,7,32.7,4,0.82,0.38,1.1175000000000002
7,7,4,7,14.9,4,1.82,1.0,1.1775
7,7,4,7,9.8,1,1.22,1.45,1.1866666666666668
7,7,4,7,10.5,3,1.66,0.28,1.1954166666666668
8,7,4,7,1.2,1,1.65,1.95,1.2525
9,7,4,7,25.7,2,1.84,1.76,1.2479166666666666
10,7,4,7,19.5,1,0.43,0.44,1.1925000000000001
10,7,4,7,2.0,5,1.01,1.79,1.21625
14,7,4,7,2.9,3,0.94,0.58,1.1808333333333334
14,7,4,7,31.5,4,0.58,0.79,1.1808333333333334
14,7,4,7,-0.7,1,1.35,1.19,1.2041666666666666
15,7,4,7,6.4,5,1.67,1.76,1.2241666666666666
15,7,4,7,-3.9,2,1.01,0.45,1.1929166666666668
15,7,4,7,35.3,3,1.16,1.45,1.2225000000000001
15,7,4,7,23.9,1,1.01,0.78,1.2041666666666666
16,7,4,7,30.0,5,0.69,0.92,1.2004166666666667
16,7,4,7,18.5,2,0.28,1.59,1.1737499999999998
17,7,4,7,7.0,3,1.86,1.36,1.185
19,7,4,7,27.0,3,1.65,0.6,1.1970833333333333
19,7,4,7,-4.7,3,0.6,1.07,1.1970833333333333
19,7,4,7,-3.2,5,0.33,1.33,1.16625
20,7,4,7,6.1,5,1.38,1.58,1.1683333333333332
20,7,4,7,19.6,4,0.89,1.5,1.1395833333333332
0,8,5,7,4.4,3,1.89,0.82,1.1558333333333333
3,8,5,7,35.4,5,0.88,1.82,1.1583333333333332
4,8,5,7,14.2,3,0.53,1.22,1.1045833333333333
5,8,5,7,36.8,5,0.47,1.66,1.0733333333333333
5,8,5,7,36.4,3,0.83,1.65,1.03875
6,8,5,7,26.3,5,1.69,1.84,1.0404166666666665
8,8,5,7,-2.3,3,1.46,0.43,1.0245833333333334
9,8,5,7,34.6,3,1.0,1.01,1.0483333333333333
10,8,5,7,26.1,2,0.96,0.94,1.04625
10,8,5,7,3.8,5,1.35,0.58,1.0633333333333332
11,8,5,7,-9.9,1,0.35,1.35,1.05375
12,8,5,7,20.4,4,0.37,1.67,1.0129166666666667
12,8,5,7,25.3,3,0.74,1.01,0.9741666666666666
12,8,5,7,26.5,3,0.38,1.16,0.9479166666666665
13,8,5,7,-3.2,3,1.94,1.01,0.9804166666666666
13,8,5,7,18.7,2,1.33,0.69,0.99375
14,8,5,7,-2.8,5,1.08,0.28,1.01
14,8,5,7,2.1,4,1.42,1.86,1.0575
16,8,5,7,0.6,4,0.31,1.65,0.9929166666666666
17,8,5,7,22.1,3,0.66,0.6,0.9516666666666667
17,8,5,7,30.3,5,1.71,0.33,0.9979166666666667
18,8,5,7,-8.5,2,1.47,1.38,1.0454166666666667
18,8,5,7,10.6,4,1.36,0.89,1.0445833333333334
18,8,5,7,3.7,5,0.78,1.89,1.04
18,8,5,7,24.0,2,1.36,0.88,1.0179166666666666
19,8,5,7,-6.5,2,1.98,0.53,1.06375
19,8,5,7,6.4,5,1.72,0.47,1.1133333333333333
21,8,5,7,17.9,3,1.6,0.83,1.1604166666666667
21,8,5,7,28.1,2,1.04,1.69,1.1691666666666667
22,8,5,7,26.3,3,1.26,1.46,1.15125
23,8,5,7,14.1,1,1.58,1.0,1.15625
1,9,6,7,29.2,3,1.39,0.96,1.1725
1,9,6,7,-4.9,1,1.08,1.35,1.1775
2,9,6,7,13.9,1,1.43,0.35,1.1808333333333334
2,9,6,7,29.6,1,1.66,0.37,1.2354166666666666
4,9,6,7,19.1,4,0.71,0.74,1.2495833333333333
4,9,6,7,0.8,2,1.7,0.38,1.2895833333333333
5,9,6,7,35.2,1,0.63,1.94,1.3
6,9,6,7,-8.5,3,0.85,1.33,1.2545833333333334
6,9,6,7,36.5,2,1.6,1.08,1.2658333333333334
7,9,6,7,6.2,5,0.73,1.42,1.25125
7,9,6,7,-7.2,3,0.4,0.31,1.20875
8,9,6,7,20.7,5,0.72,0.66,1.2258333333333333
8,9,6,7,22.3,5,0.79,1.71,1.23125
8,9,6,7,39.0,2,2.0,1.47,1.2433333333333334
8,9,6,7,21.9,3,1.09,1.36,1.2275
12,9,6,7,-4.1,4,1.31,0.78,1.2254166666666666
13,9,6,7,0.1,3,1.87,1.36,1.2708333333333333
14,9,6,7,10.5,5,0.53,1.98,1.23625
16,9,6,7,8.1,4,1.33,1.72,1.2091666666666667
16,9,6,7,26.7,1,1.29,1.6,1.19125
17,9,6,7,-8.2,4,1.89,1.04,1.2033333333333334
17,9,6,7,-1.8,3,0.41,1.26,1.1770833333333333
17,9,6,7,22.2,4,0.89,1.58,1.1616666666666666
18,9,6,7,18.4,5,0.3,1.39,1.1083333333333334
18,9,6,7,-7.6,2,1.91,1.08,1.1300000000000001
19,9,6,7,22.6,5,1.58,1.43,1.1508333333333334
20,9,6,7,-6.3,2,0.79,1.66,1.1241666666666668
20,9,6,7,16.6,2,0.95,0.71,1.0945833333333335
21,9,6,7,32.5,3,0.83,1.7,1.0995833333333334
21,9,6,7,18.4,3,0.2,0.63,1.0370833333333334
21,9,6,7,27.0,4,0.97,0.85,1.05125
23,9,6,7,8.6,1,0.5,1.6,1.0366666666666668
23,9,6,7,3.0,3,0.82,0.73,1.0041666666666667
2,10,0,7,10.4,2,1.44,0.4,1.03375
2,10,0,7,-1.6,5,1.03,0.72,1.06
3,10,0,7,24.5,4,1.34,0.79,1.0858333333333334
3,10,0,7,37.6,3,0.94,2.0,1.0920833333333333
4,10,0,7,33.9,3,0.38,1.09,1.0245833333333334
5,10,0,7,11.1,5,1.82,1.31,1.055
5,10,0,7,21.5,5,1.8,1.87,1.0754166666666667
6,10,0,7,14.4,3,1.39,0.53,1.0554166666666667
11,10,0,7,38.8,2,0.86,1.33,1.0691666666666666
11,10,0,7,8.9,3,0.39,1.29,1.03
13,10,0,7,-6.5,2,1.81,1.89,1.0516666666666667
13,10,0,7,19.9,2,0.3,0.41,0.9854166666666667
14,10,0,7,35.2,5,1.63,0.89,1.0362500000000001
14,10,0,7,15.6,3,1.5,0.3,1.0616666666666668
16,10,0,7,0.4,2,0.29,1.91,1.06125
16,10,0,7,-3.8,5,1.56,1.58,1.0466666666666666
19,10,0,7,11.3,1,1.67,0.79,1.0504166666666668
19,10,0,7,28.9,3,0.34,0.95,1.0316666666666667
20,10,0,7,15.3,5,0.22,0.83,1.00125
21,10,0,7,-5.6,4,0.74,0.2,0.9975
23,10,0,7,39.7,2,0.61,0.97,1.0145833333333334
23,10,0,7,29.9,2,0.7,0.5,1.0033333333333332
23,10,0,7,6.0,2,0.2,0.82,0.9908333333333332
23,10,0,7,26.2,3,1.06,1.44,1.0008333333333335
23,10,0,7,26.1,5,0.74,1.03,0.9716666666666667
0,11,1,7,12.1,5,0.45,1.34,0.9474999999999999
0,11,1,7,22.3,2,0.25,0.94,0.9020833333333332
1,11,1,7,20.7,1,1.64,0.38,0.93125
3,11,1,7,-8.5,4,0.38,1.82,0.9312499999999999
4,11,1,7,11.8,4,1.06,1.8,0.8995833333333333
4,11,1,7,1.5,5,0.31,1.39,0.8374999999999999
4,11,1,7,6.6,1,1.84,0.86,0.8562500000000001
5,11,1,7,-5.5,2,0.47,0.39,0.8399999999999999
6,11,1,7,-8.1,3,1.35,1.81,0.88
7,11,1,7,29.9,1,0.87,0.3,0.8408333333333333
9,11,1,7,36.0,4,1.3,1.63,0.8825
10,11,1,7,33.4,1,0.72,1.5,0.8445833333333334
10,11,1,7,35.0,4,1.09,0.29,0.8275
10,11,1,7,8.8,2,1.59,1.56,0.8816666666666667
10,11,1,7,39.8,2,1.99,1.67,0.8995833333333335
11,11,1,7,-1.2,5,1.23,0.34,0.88125
11,11,1,7,33.5,4,0.57,0.22,0.8908333333333333
12,11,1,7,38.4,1,1.6,0.74,0.9483333333333334
12,11,1,7,5.3,4,1.13,0.61,0.9645833333333332
12,11,1,7,25.0,4,0.21,0.7,0.9479166666666666
13,11,1,7,26.8,4,0.68,0.2,0.9470833333333334
13,11,1,7,39.8,4,1.43,1.06,0.9983333333333334
13,11,1,7,17.7,1,1.37,0.74,1.01125
14,11,1,7,36.0,5,0.91,0.45,1.0183333333333333
16,11,1,7,18.0,2,0.41,0.25,1.0166666666666668
16,11,1,7,28.9,3,0.3,1.64,1.01875
16,11,1,7,29.0,2,0.91,0.38,0.9883333333333333
16,11,1,7,23.2,3,1.5,1.06,1.035
17,11,1,7,18.2,5,0.29,0.31,1.0029166666666667
19,11,1,7,-2.2,5,0.87,1.84,1.0262499999999999
22,11,1,7,9.9,4,0.36,0.47,0.9645833333333335
22,11,1,7,6.5,1,0.53,1.35,0.9670833333333332
22,11,1,7,17.6,3,0.39,0.87,0.9270833333333334
22,11,1,7,7.9,1,1.32,1.3,0.9458333333333333
23,11,1,7,0.3,5,1.37,0.72,0.94875
23,11,1,7,35.1,3,1.06,1.09,0.9629166666666666
23,11,1,7,33.2,2,1.54,1.59,0.9816666666666666
0,12,2,7,38.3,2,0.78,1.99,0.9479166666666666
1,12,2,7,38.4,3,1.29,1.23,0.9187499999999998
2,12,2,7,7.2,1,1.66,0.57,0.9366666666666666
2,12,2,7,38.0,1,1.36,1.6,0.9695833333333334
4,12,2,7,13.6,1,0.49,1.13,0.9233333333333333
6,12,2,7,25.1,4,1.35,0.21,0.9325000000000001
7,12,2,7,34.4,3,1.12,0.68,0.9704166666666666
7,12,2,7,-7.6,5,1.7,1.43,1.0129166666666667
7,12,2,7,38.6,4,1.48,1.37,1.015
10,12,2,7,8.3,3,0.42,0.91,0.9754166666666667
11,12,2,7,3.7,2,1.82,0.41,1.0133333333333334
12,12,2,7,37.7,1,0.64,0.3,1.0229166666666667
14,12,2,7,-6.1,3,1.31,0.91,1.0650000000000002
15,12,2,7,13.4,5,0.3,1.5,1.0395833333333335
15,12,2,7,26.6,4,0.86,0.29,1.0129166666666667
18,12,2,7,37.9,4,1.13,0.87,1.0479166666666666
18,12,2,7,27.8,3,1.89,0.36,1.0904166666666668
18,12,2,7,14.6,3,1.65,0.53,1.1441666666666666
19,12,2,7,13.4,4,0.99,0.39,1.1633333333333333
19,12,2,7,0.4,2,0.74,1.32,1.1779166666666667
19,12,2,7,0.3,5,0.95,1.37,1.1624999999999999
20,12,2,7,1.9,3,0.37,1.06,1.1208333333333333
20,12,2,7,17.2,2,1.55,1.54,1.14125
20,12,2,7,-2.8,5,0.71,0.78,1.1066666666666667
23,12,2,7,-8.3,5,1.47,1.29,1.1354166666666667
23,12,2,7,29.7,5,0.52,1.66,1.1033333333333333
3,13,3,7,15.1,4,1.21,1.36,1.0845833333333335
5,13,3,7,29.1,2,0.25,0.49,1.0383333333333333
5,13,3,7,26.3,3,1.38,1.35,1.0754166666666667
6,13,3,7,8.9,3,0.65,1.12,1.0462500000000001
6,13,3,7,14.3,3,0.24,1.7,1.0095833333333333
7,13,3,7,39.8,1,1.44,1.48,0.9987500000000001
8,13,3,7,-1.3,2,0.81,0.42,0.9708333333333333
11,13,3,7,-0.3,3,0.21,1.82,0.9620833333333333
12,13,3,7,27.3,3,1.62,0.64,0.95375
12,13,3,7,28.9,3,1.75,1.31,1.0
13,13,3,7,11.4,1,0.95,0.3,0.985
13,13,3,7,13.3,5,1.53,0.86,1.03625
14,13,3,7,35.1,1,1.21,1.13,1.0508333333333333
14,13,3,7,16.2,5,0.88,1.89,1.0404166666666665
16,13,3,7,2.2,3,1.15,1.65,1.0095833333333333
17,13,3,7,38.3,2,1.43,0.99,1.0004166666666667
18,13,3,7,-6.4,4,0.82,0.74,0.9933333333333333
19,13,3,7,29.4,1,1.16,0.95,1.0108333333333335
19,13,3,7,-8.4,2,1.41,0.37,1.03
23,13,3,7,0.3,2,0.5,1.55,1.0354166666666667
0,14,4,7,10.5,1,1.32,0.71,1.0258333333333332
3,14,4,7,-5.8,4,0.5,1.47,1.0170833333333331
3,14,4,7,2.6,1,0.29,0.52,0.9679166666666666
4,14,4,7,18.3,2,0.81,1.21,0.98
5,14,4,7,25.9,5,1.36,0.25,0.98625
8,14,4,7,6.0,4,1.89,1.38,1.0545833333333332
9,14,4,7,26.1,1,1.37,0.65,1.0541666666666667
10,14,4,7,-2.7,5,0.65,0.24,1.0541666666666665
13,14,4,7,22.6,1,1.3,1.44,1.0983333333333334
14,14,4,7,38.4,3,1.59,0.81,1.1045833333333333
15,14,4,7,36.9,5,0.22,0.21,1.08
15,14,4,7,36.0,1,1.92,1.62,1.1512499999999999
15,14,4,7,12.4,1,1.62,1.75,1.1512499999999999
16,14,4,7,-7.5,4,1.94,0.95,1.1591666666666667
17,14,4,7,35.9,2,1.53,1.53,1.1833333333333333
18,14,4,7,21.2,4,0.68,1.21,1.1479166666666667
21,14,4,7,39.6,4,1.44,0.88,1.1575
21,14,4,7,14.3,1,0.61,1.15,1.14625
21,14,4,7,-5.9,2,0.76,1.43,1.13
21,14,4,7,37.6,3,1.6,0.82,1.1370833333333332
23,14,4,7,-2.4,2,1.52,1.16,1.16625
0,15,5,7,20.7,2,1.9,1.41,1.1970833333333333
1,15,5,7,32.1,5,0.69,0.5,1.1670833333333333
2,15,5,7,18.9,3,1.92,1.32,1.22625
3,15,5,7,4.4,1,1.67,0.5,1.2408333333333332
3,15,5,7,38.0,3,1.97,0.29,1.3020833333333335
3,15,5,7,7.9,4,1.06,0.81,1.3341666666666665
4,15,5,7,40.0,5,0.86,1.36,1.33625
4,15,5,7,1.3,4,0.76,1.89,1.31125
7,15,5,7,5.7,5,0.22,1.37,1.2416666666666667
8,15,5,7,10.6,4,0.94,0.65,1.2237500000000001
9,15,5,7,2.7,2,0.58,1.3,1.2208333333333334
9,15,5,7,30.8,4,0.36,1.59,1.1816666666666666
11,15,5,7,10.7,1,1.94,0.22,1.19625
11,15,5,7,31.4,5,1.28,1.92,1.2404166666666667
12,15,5,7,-9.1,2,1.71,1.62,1.2316666666666667
12,15,5,7,7.4,4,0.54,1.94,1.1866666666666668
13,15,5,7,30.8,1,0.89,1.53,1.1429166666666666
13,15,5,7,-8.4,4,1.1,0.68,1.125
13,15,5,7,24.9,3,0.27,1.44,1.1079166666666667
14,15,5,7,-2.6,1,1.37,0.61,1.105
14,15,5,7,29.0,1,1.18,0.76,1.12875
15,15,5,7,18.5,2,0.84,1.6,1.1320833333333333
15,15,5,7,-2.6,1,0.25,1.52,1.0758333333333334
15,15,5,7,5.4,1,1.55,1.9,1.0770833333333334
15,15,5,7,20.1,4,1.12,0.69,1.0445833333333334
16,15,5,7,18.5,1,0.86,1.92,1.0516666666666667
19,15,5,7,31.5,4,1.0,1.67,1.0133333333333334
19,15,5,7,22.9,5,1.57,1.97,1.0091666666666668
20,15,5,7,7.4,2,1.44,1.06,0.9870833333333332
21,15,5,7,15.9,1,0.84,0.86,0.9779166666666667
22,15,5,7,16.8,2,1.38,0.76,0.9995833333333334
23,15,5,7,0.7,5,0.95,0.22,1.0075
23,15,5,7,-1.3,1,1.58,0.94,1.0641666666666667
0,16,6,7,11.6,5,0.45,0.58,1.04375
2,16,6,7,24.8,1,1.51,0.36,1.0825
2,16,6,7,-2.8,2,1.1,1.94,1.1133333333333335
5,16,6,7,5.0,3,1.43,1.28,1.0920833333333333
5,16,6,7,10.2,5,0.4,1.71,1.0554166666666667
5,16,6,7,-1.7,5,1.6,0.54,1.0508333333333335
7,16,6,7,34.9,1,0.8,0.89,1.0616666666666665
8,16,6,7,7.0,1,1.91,1.1,1.1041666666666667
10,16,6,7,1.4,5,1.91,0.27,1.1379166666666667
11,16,6,7,30.6,2,0.89,1.37,1.16375
11,16,6,7,7.4,1,1.2,1.18,1.1566666666666665
15,16,6,7,36.0,1,0.33,0.84,1.12125
15,16,6,7,-1.0,5,1.15,0.25,1.1341666666666665
16,16,6,7,-6.1,1,1.62,1.55,1.19125
17,16,6,7,14.5,2,1.48,1.12,1.1883333333333332
17,16,6,7,39.8,3,1.75,0.86,1.2145833333333333
18,16,6,7,27.9,3,1.66,1.0,1.2479166666666666
18,16,6,7,23.1,5,1.0,1.57,1.2479166666666666
18,16,6,7,29.4,1,0.51,1.44,1.2037499999999999
18,16,6,7,26.2,4,1.3,0.84,1.1979166666666667
19,16,6,7,-3.7,5,0.58,1.38,1.1870833333333335
20,16,6,7,17.6,3,0.26,0.95,1.1404166666666666
21,16,6,7,19.5,2,0.71,1.58,1.1304166666666666
21,16,6,7,22.3,3,1.11,0.45,1.1108333333333333
21,16,6,7,26.4,4,1.17,1.51,1.1408333333333334
22,16,6,7,29.9,2,1.94,1.1,1.15875
23,16,6,7,-9.3,1,1.27,1.43,1.1658333333333333
23,16,6,7,27.2,1,0.67,0.4,1.1341666666666665
23,16,6,7,30.2,1,1.58,1.6,1.1833333333333333
0,17,0,7,21.7,3,1.79,0.8,1.19125
1,17,0,7,22.6,4,0.3,1.91,1.1704166666666667
1,17,0,7,3.7,3,1.09,1.91,1.1362500000000002
2,17,0,7,9.9,4,0.84,0.89,1.0916666666666668
2,17,0,7,28.8,3,1.71,1.2,1.1258333333333332
2,17,0,7,13.9,5,1.61,0.33,1.1429166666666666
3,17,0,7,17.7,2,0.96,1.15,1.1691666666666667
3,17,0,7,0.2,4,0.21,1.62,1.1300000000000001
3,17,0,7,32.7,2,0.5,1.48,1.0833333333333333
3,17,0,7,-9.3,4,1.91,1.75,1.10125
4,17,0,7,-1.3,4,0.71,1.66,1.0579166666666666
4,17,0,7,36.0,4,0.65,1.0,1.0158333333333334
4,17,0,7,-5.9,3,0.36,0.51,0.9891666666666666
4,17,0,7,30.2,3,1.22,1.3,1.01875
5,17,0,7,18.5,1,0.77,0.58,0.9966666666666667
5,17,0,7,26.3,4,0.77,0.26,1.0045833333333334
8,17,0,7,20.9,1,0.93,0.71,1.0325
8,17,0,7,27.1,3,1.82,1.11,1.07875
8,17,0,7,23.2,4,1.92,1.17,1.1125
10,17,0,7,25.1,4,1.95,1.94,1.1449999999999998
11,17,0,7,1.3,1,1.37,1.27,1.12125
11,17,0,7,18.4,1,1.69,0.67,1.1387500000000002
11,17,0,7,22.0,1,0.41,1.58,1.1279166666666667
12,17,0,7,10.8,4,1.23,1.79,1.1133333333333335
12,17,0,7,4.9,3,0.69,0.3,1.0675
16,17,0,7,9.7,4,1.5,1.09,1.1175
17,17,0,7,18.5,1,0.37,0.84,1.0875
18,17,0,7,-5.2,5,0.99,1.71,1.0937499999999998
19,17,0,7,24.4,3,0.3,1.61,1.035
19,17,0,7,-4.0,5,0.81,0.96,1.0016666666666667
19,17,0,7,-2.3,2,1.0,0.21,1.0033333333333334
20,17,0,7,32.6,3,0.28,0.5,1.0062499999999999
21,17,0,7,30.3,5,0.85,1.91,1.0208333333333333
21,17,0,7,-3.3,5,1.73,0.71,1.0133333333333334
23,17,0,7,7.3,1,1.65,0.65,1.0525
23,17,0,7,29.3,5,0.94,0.36,1.0645833333333334
23,17,0,7,23.1,4,1.96,1.22,1.1312499999999999
0,18,1,7,26.7,5,0.75,0.77,1.1116666666666666
1,18,1,7,29.0,3,0.96,0.77,1.1195833333333332
1,18,1,7,1.0,5,0.63,0.93,1.11375
3,18,1,7,24.3,1,0.3,1.82,1.0875
3,18,1,7,-5.2,2,1.62,1.92,1.0791666666666666
3,18,1,7,-9.4,2,1.95,1.95,1.0804166666666666
7,18,1,7,11.8,4,0.33,1.37,1.0129166666666667
7,18,1,7,7.4,3,0.4,1.69,0.9725
9,18,1,7,28.3,1,1.59,0.41,0.9683333333333333
9,18,1,7,26.1,2,1.88,1.23,1.0295833333333333
10,18,1,7,7.0,1,0.66,0.69,1.0058333333333331
10,18,1,7,28.2,2,0.61,1.5,1.0025000000000002
11,18,1,7,1.6,3,0.74,0.37,0.9708333333333333
11,18,1,7,8.2,2,0.93,0.99,0.9941666666666666
11,18,1,7,14.4,5,1.25,0.3,1.0050000000000001
11,18,1,7,9.1,1,0.39,0.81,1.00875
13,18,1,7,-2.7,3,1.67,1.0,1.0445833333333334
15,18,1,7,3.3,4,0.47,0.28,1.0225
15,18,1,7,35.1,2,1.2,0.85,1.0608333333333333
17,18,1,7,11.8,3,0.52,1.73,1.0470833333333334
18,18,1,7,22.2,5,1.1,1.65,1.0208333333333333
18,18,1,7,4.8,5,0.73,0.94,0.9825
19,18,1,7,34.2,1,1.13,1.96,0.9904166666666666
19,18,1,7,11.7,1,1.88,0.75,0.9870833333333334
19,18,1,7,5.0,2,0.39,0.96,0.9720833333333333
19,18,1,7,22.8,5,0.42,0.63,0.9495833333333333
21,18,1,7,13.8,1,0.98,0.3,0.9641666666666665
22,18,1,7,-1.1,1,1.74,1.62,1.0241666666666667
1,19,2,7,4.6,2,1.2,1.95,1.0066666666666666
4,19,2,7,3.5,3,1.86,0.33,1.0029166666666667
4,19,2,7,0.2,1,1.01,0.4,1.03125
5,19,2,7,-1.2,5,1.45,1.59,1.075
5,19,2,7,28.4,1,0.21,1.88,1.0175
5,19,2,7,35.2,2,1.54,0.66,1.0033333333333334
9,19,2,7,27.9,2,0.93,0.61,1.0145833333333334
10,19,2,7,32.1,1,1.77,0.74,1.0629166666666665
11,19,2,7,3.8,3,1.37,0.93,1.0891666666666666
12,19,2,7,3.8,5,1.91,1.25,1.1300000000000001
13,19,2,7,3.4,3,0.74,0.39,1.10875
15,19,2,7,25.6,3,0.63,1.67,1.1187500000000001
15,19,2,7,38.6,3,0.46,0.47,1.0683333333333331
17,19,2,7,-9.2,3,0.62,1.2,1.0745833333333332
18,19,2,7,-5.5,5,1.18,0.52,1.07375
20,19,2,7,14.1,1,0.32,1.1,1.0654166666666667
20,19,2,7,31.7,1,1.78,0.73,1.09375
20,19,2,7,35.0,1,0.78,1.13,1.0958333333333332
22,19,2,7,-8.4,1,1.1,1.88,1.0945833333333332
22,19,2,7,18.5,2,0.42,0.39,1.0337500000000002
23,19,2,7,3.5,2,0.53,0.42,1.0395833333333333
23,19,2,7,36.2,1,1.78,0.98,1.0962500000000002
23,19,2,7,20.9,1,1.38,1.74,1.1129166666666668
23,19,2,7,21.7,2,0.21,1.2,1.0491666666666666
1,20,3,7,28.7,4,1.98,1.86,1.0816666666666668
1,20,3,7,27.0,3,1.19,1.01,1.05375
3,20,3,7,22.0,4,1.64,1.45,1.0799999999999998
6,20,3,7,29.2,4,0.49,0.21,1.04
6,20,3,7,2.2,5,1.18,1.54,1.0804166666666666
8,20,3,7,28.2,3,0.24,0.93,1.0262499999999999
9,20,3,7,-9.8,4,1.16,1.77,1.0358333333333334
9,20,3,7,-6.2,3,0.51,1.37,0.9833333333333334
10,20,3,7,-8.4,1,0.32,1.91,0.9395833333333333
13,20,3,7,-2.9,1,1.24,0.74,0.9116666666666666
13,20,3,7,9.8,5,0.68,0.63,0.9091666666666667
13,20,3,7,27.3,3,0.89,0.46,0.9199999999999999
13,20,3,7,6.5,4,0.71,0.62,0.9304166666666668
14,20,3,7,20.8,2,1.42,1.18,0.96375
16,20,3,7,6.1,5,0.36,0.32,0.9295833333333333
17,20,3,7,1.4,4,0.53,1.78,0.9383333333333334
17,20,3,7,25.9,1,0.71,0.78,0.8937499999999999
18,20,3,7,6.8,4,1.34,1.1,0.9170833333333334
18,20,3,7,28.2,3,0.24,0.42,0.88125
19,20,3,7,17.0,4,1.08,0.53,0.90875
19,20,3,7,-7.8,2,0.23,1.78,0.8962500000000001
19,20,3,7,18.9,4,1.72,1.38,0.8937499999999999
19,20,3,7,21.4,3,1.35,0.21,0.8925000000000001
20,20,3,7,-4.2,5,1.38,1.98,0.94125
20,20,3,7,12.2,2,1.51,1.19,0.9216666666666665
20,20,3,7,-1.9,3,1.95,1.64,0.9533333333333335
20,20,3,7,-1.5,3,0.68,0.49,0.9133333333333334
21,20,3,7,-1.9,3,0.47,1.18,0.9125
21,20,3,7,29.8,1,0.97,0.24,0.9037499999999999
21,20,3,7,19.6,5,1.02,1.16,0.9362499999999999
22,20,3,7,38.5,3,1.36,0.51,0.9445833333333334
22,20,3,7,-1.1,5,1.91,0.32,1.0029166666666667
23,20,3,7,29.6,2,1.21,1.24,1.0399999999999998
23,20,3,7,22.5,3,0.62,0.68,1.0141666666666667
23,20,3,7,3.8,2,1.62,0.89,1.0533333333333335
23,20,3,7,-5.3,3,1.2,0.71,1.06625
1,21,4,7,4.2,2,0.9,1.42,1.0741666666666665
2,21,4,7,29.1,3,1.88,0.36,1.0933333333333335
6,21,4,7,28.3,1,1.88,0.53,1.1566666666666667
7,21,4,7,35.3,3,0.31,0.71,1.1475
7,21,4,7,12.6,1,0.52,1.34,1.1395833333333334
8,21,4,7,19.4,4,1.6,0.24,1.1504166666666666
9,21,4,7,19.9,2,1.47,1.08,1.2016666666666667
12,21,4,7,15.3,1,0.61,0.23,1.1820833333333334
14,21,4,7,-2.3,3,1.87,1.72,1.2504166666666665
14,21,4,7,39.8,4,1.06,1.35,1.2229166666666667
14,21,4,7,-3.1,5,1.88,1.38,1.2449999999999999
19,21,4,7,-0.3,1,1.26,1.51,1.24
20,21,4,7,13.8,2,0.3,1.95,1.1895833333333334
20,21,4,7,-6.5,2,1.49,0.68,1.1704166666666667
21,21,4,7,23.4,4,1.25,0.47,1.1941666666666666
22,21,4,7,30.4,2,0.8,0.97,1.2079166666666667
22,21,4,7,23.7,5,1.88,1.02,1.2458333333333333
0,22,5,7,37.3,5,0.76,1.36,1.235
2,22,5,7,-3.7,4,0.28,1.91,1.19
2,22,5,7,33.9,5,0.74,1.21,1.14125
2,22,5,7,-10.0,2,1.52,0.62,1.1541666666666668
2,22,5,7,21.5,5,1.92,1.62,1.2083333333333333
3,22,5,7,17.8,1,0.59,1.2,1.1654166666666665
3,22,5,7,-3.2,3,1.81,0.9,1.1908333333333334
3,22,5,7,15.4,5,1.28,1.88,1.2066666666666668
3,22,5,7,16.1,3,0.72,1.88,1.1583333333333334
4,22,5,7,29.0,3,1.8,0.31,1.155
4,22,5,7,29.1,2,1.49,0.52,1.2041666666666668
4,22,5,7,26.6,4,1.52,1.6,1.2458333333333333
4,22,5,7,26.2,4,0.24,1.47,1.1891666666666667
6,22,5,7,-5.2,4,1.83,0.61,1.2041666666666668
7,22,5,7,15.1,5,0.85,1.87,1.2141666666666666
8,22,5,7,-7.8,3,1.26,1.06,1.18875
9,22,5,7,8.0,1,0.68,1.88,1.1729166666666666
11,22,5,7,-5.0,3,0.68,1.26,1.1229166666666666
11,22,5,7,21.7,3,0.2,0.3,1.07875
13,22,5,7,-6.6,4,0.47,1.49,1.0858333333333334
13,22,5,7,39.2,4,1.54,1.25,1.0879166666666666
14,22,5,7,25.1,4,0.73,0.8,1.06625
15,22,5,7,14.0,3,1.07,1.88,1.0775
17,22,5,7,-8.4,5,0.28,0.76,1.0108333333333335
17,22,5,7,21.5,3,0.99,0.28,1.0204166666666667
19,22,5,7,3.5,2,1.34,0.74,1.0645833333333334
20,22,5,7,26.3,5,0.51,1.52,1.055
20,22,5,7,-8.6,1,0.32,1.92,1.0050000000000001
20,22,5,7,24.1,2,1.55,0.59,0.9895833333333334
20,22,5,7,13.3,1,1.49,1.81,1.0270833333333333
22,22,5,7,11.8,3,0.79,1.28,0.9845833333333333
0,23,6,7,28.4,5,0.97,0.72,0.9716666666666667
1,23,6,7,30.9,1,1.85,1.8,1.01875
1,23,6,7,34.8,5,0.53,1.49,0.9658333333333334
2,23,6,7,38.7,4,0.52,1.52,0.9254166666666667
3,23,6,7,19.5,1,0.64,0.24,0.88875
4,23,6,7,-9.1,2,1.42,1.83,0.9379166666666667
4,23,6,7,20.4,3,0.79,0.85,0.8945833333333333
5,23,6,7,28.2,2,1.71,1.26,0.9304166666666666
6,23,6,7,18.4,5,1.72,0.68,0.9495833333333333
6,23,6,7,38.2,3,1.64,0.68,0.9895833333333334
6,23,6,7,14.1,2,1.98,0.2,1.04375
7,23,6,7,22.8,1,1.83,0.47,1.1116666666666666
7,23,6,7,23.6,3,0.53,1.54,1.1141666666666665
8,23,6,7,4.4,3,0.8,0.73,1.0833333333333333
8,23,6,7,7.6,2,1.68,1.07,1.1229166666666666
9,23,6,7,13.8,3,0.88,0.28,1.115
12,23,6,7,9.7,2,1.17,0.99,1.1520833333333333
12,23,6,7,-5.1,2,1.63,1.34,1.17875
14,23,6,7,38.3,4,1.71,0.51,1.1941666666666666
14,23,6,7,-1.4,3,0.61,0.32,1.1983333333333333
14,23,6,7,38.2,1,1.68,1.55,1.255
15,23,6,7,20.8,2,1.91,1.49,1.27
15,23,6,7,-9.0,1,1.32,0.79,1.2629166666666667
17,23,6,7,2.8,1,1.77,0.97,1.30375
18,23,6,7,4.8,3,0.65,1.85,1.2904166666666668
20,23,6,7,17.3,2,0.66,0.53,1.2408333333333335
21,23,6,7,35.9,3,1.1,0.52,1.2645833333333332
2,24,0,7,33.5,4,0.35,0.64,1.2575
2,24,0,7,35.8,1,0.66,1.42,1.2583333333333333
4,24,0,7,-5.4,2,1.77,0.79,1.2729166666666667
4,24,0,7,12.1,2,0.31,1.71,1.2529166666666667
5,24,0,7,2.7,4,1.06,1.72,1.2258333333333333
5,24,0,7,30.3,4,1.61,1.64,1.2212500000000002
6,24,0,7,29.3,2,0.83,1.98,1.1875
7,24,0,7,7.6,3,1.56,1.83,1.1700000000000002
7,24,0,7,21.1,1,1.65,0.53,1.1624999999999999
9,24,0,7,36.2,5,1.78,0.8,1.2145833333333333
9,24,0,7,5.8,3,0.35,1.68,1.1958333333333333
14,24,0,7,-2.0,1,1.82,0.88,1.2016666666666667
19,24,0,7,30.8,4,1.57,1.17,1.2304166666666667
19,24,0,7,38.4,3,0.95,1.63,1.2212500000000002
21,24,0,7,1.8,3,0.32,1.71,1.1666666666666667
23,24,0,7,11.3,1,0.64,0.61,1.1220833333333333
0,25,1,7,22.2,5,1.3,1.68,1.1508333333333334
0,25,1,7,0.5,2,0.22,1.91,1.09
1,25,1,7,12.0,5,0.61,1.32,1.0358333333333334
1,25,1,7,-5.7,1,1.94,1.77,1.0616666666666668
3,25,1,7,17.4,5,1.53,0.65,1.0516666666666667
3,25,1,7,-5.4,5,1.84,0.66,1.10125
3,25,1,7,21.1,1,1.56,1.1,1.13875
4,25,1,7,36.9,4,1.02,0.35,1.1354166666666667
5,25,1,7,36.3,5,0.59,0.66,1.1454166666666665
5,25,1,7,-7.8,3,1.76,1.77,1.19125
6,25,1,7,18.4,5,1.96,0.31,1.1991666666666667
6,25,1,7,-2.0,3,0.87,1.06,1.2225
7,25,1,7,35.4,5,0.89,1.61,1.2154166666666666
8,25,1,7,29.5,1,1.17,0.83,1.1970833333333333
9,25,1,7,-9.8,4,1.51,1.56,1.2254166666666666
9,25,1,7,39.8,1,0.59,1.65,1.1849999999999998
10,25,1,7,20.9,2,1.45,1.78,1.1766666666666667
10,25,1,7,36.3,5,0.51,0.35,1.12375
11,25,1,7,23.9,3,1.0,1.82,1.1508333333333334
11,25,1,7,-8.3,4,0.23,1.57,1.0845833333333335
12,25,1,7,-8.2,2,1.42,0.95,1.0783333333333334
12,25,1,7,11.0,5,0.89,0.32,1.0758333333333332
13,25,1,7,8.8,2,1.88,0.64,1.1408333333333334
15,25,1,7,9.8,4,1.48,1.3,1.1758333333333333
17,25,1,7,-6.8,2,1.42,0.22,1.1808333333333334
18,25,1,7,19.8,5,1.43,0.61,1.23125
19,25,1,7,23.8,2,1.75,1.94,1.2787499999999998
19,25,1,7,4.8,3,0.72,1.53,1.2279166666666665
19,25,1,7,22.7,4,1.65,1.84,1.2329166666666667
19,25,1,7,24.0,2,1.77,1.56,1.23
22,25,1,7,19.7,5,1.6,1.02,1.2316666666666667
22,25,1,7,15.3,1,1.69,0.59,1.2595833333333333
23,25,1,7,16.8,1,0.34,1.76,1.2491666666666668
0,26,2,7,32.7,5,1.71,1.96,1.2470833333333333
1,26,2,7,2.1,3,0.27,0.87,1.1766666666666665
1,26,2,7,-9.7,3,1.84,0.89,1.2170833333333333
5,26,2,7,38.9,2,0.84,1.17,1.215
7,26,2,7,0.2,5,0.43,1.51,1.1841666666666666
9,26,2,7,32.2,4,1.21,0.59,1.1716666666666666
10,26,2,7,26.8,2,1.12,1.45,1.19375
10,26,2,7,38.8,1,1.73,0.51,1.2054166666666666
12,26,2,7,-4.7,1,0.74,1.0,1.215
14,26,2,7,-7.7,5,1.69,0.23,1.2437500000000001
14,26,2,7,15.9,5,1.09,1.42,1.2795833333333333
15,26,2,7,17.5,4,1.85,0.89,1.2974999999999999
15,26,2,7,-0.2,2,1.16,1.88,1.30875
17,26,2,7,33.3,1,0.56,1.48,1.25375
18,26,2,7,5.7,1,1.2,1.42,1.2420833333333332
19,26,2,7,15.2,3,1.35,1.43,1.2391666666666667
19,26,2,7,1.0,1,1.17,1.75,1.2283333333333333
20,26,2,7,32.3,1,0.7,0.72,1.1845833333333333
21,26,2,7,11.9,2,1.75,1.65,1.2275
22,26,2,7,22.4,1,1.46,1.77,1.2195833333333332
23,26,2,7,25.2,2,0.8,1.6,1.1791666666666667
23,26,2,7,-5.8,4,0.62,1.69,1.1383333333333334
2,27,3,7,1.7,2,0.31,0.34,1.0808333333333333
3,27,3,7,7.9,5,1.55,1.71,1.13125
6,27,3,7,28.1,5,0.45,0.27,1.07875
7,27,3,7,19.5,1,1.41,1.84,1.12625
11,27,3,7,0.7,4,1.64,0.84,1.1179166666666667
14,27,3,7,33.4,4,0.23,0.43,1.0925
15,27,3,7,11.5,4,1.34,1.21,1.1304166666666668
16,27,3,7,11.8,5,1.81,1.12,1.1554166666666668
17,27,3,7,-8.2,4,1.19,1.73,1.1583333333333332
18,27,3,7,-1.9,4,1.93,0.74,1.1666666666666667
19,27,3,7,4.2,2,0.86,1.69,1.1716666666666666
21,27,3,7,8.9,2,1.43,1.09,1.1608333333333334
21,27,3,7,39.6,5,0.91,1.85,1.1533333333333333
22,27,3,7,35.4,2,1.34,1.16,1.1320833333333333
23,27,3,7,24.7,2,1.01,0.56,1.1258333333333332
1,28,4,7,5.3,4,0.91,1.2,1.1404166666666666
2,28,4,7,38.5,2,1.19,1.35,1.14
3,28,4,7,-0.4,4,1.6,1.17,1.1504166666666666
3,28,4,7,8.8,2,0.39,0.7,1.1179166666666667
5,28,4,7,-4.6,4,1.54,1.75,1.1529166666666668
5,28,4,7,1.6,5,1.34,1.46,1.1358333333333335
7,28,4,7,2.4,4,1.8,0.8,1.1500000000000001
9,28,4,7,3.8,1,0.59,0.62,1.14125
10,28,4,7,9.1,5,0.97,0.31,1.1558333333333335
10,28,4,7,14.5,4,0.79,1.55,1.1758333333333333
10,28,4,7,31.3,4,0.65,0.45,1.1383333333333334
11,28,4,7,18.5,2,1.3,1.41,1.1737499999999998
11,28,4,7,16.3,3,1.39,1.64,1.1729166666666666
11,28,4,7,39.5,2,1.28,0.23,1.1579166666666667
13,28,4,7,-9.0,1,1.16,1.34,1.1966666666666668
13,28,4,7,39.1,5,1.63,1.81,1.20875
13,28,4,7,14.8,3,0.61,1.19,1.15875
14,28,4,7,32.7,3,0.86,1.93,1.1449999999999998
15,28,4,7,1.0,5,1.82,0.86,1.1404166666666666
15,28,4,7,13.6,1,0.89,1.43,1.1416666666666666
16,28,4,7,13.9,4,1.07,0.91,1.1266666666666667
16,28,4,7,31.2,2,0.26,1.34,1.0995833333333334
17,28,4,7,34.6,4,0.51,1.01,1.065
20,28,4,7,39.0,5,1.17,0.91,1.0716666666666668
20,28,4,7,28.1,2,0.55,1.19,1.0566666666666666
21,28,4,7,17.8,4,0.55,1.6,1.03
22,28,4,7,26.9,2,1.7,0.39,1.0341666666666665
23,28,4,7,18.2,2,1.63,1.54,1.0858333333333334
0,29,5,7,32.4,1,0.98,1.34,1.0625
2,29,5,7,13.3,4,0.79,1.8,1.0395833333333333
2,29,5,7,-7.3,1,1.37,0.59,1.0216666666666667
2,29,5,7,12.1,4,0.44,0.97,1.0154166666666666
3,29,5,7,20.5,1,0.29,0.79,0.9870833333333332
4,29,5,7,-9.8,4,1.61,0.65,1.02125
5,29,5,7,17.1,4,0.96,1.3,1.0341666666666665
5,29,5,7,3.6,1,1.78,1.39,1.0541666666666667
6,29,5,7,27.7,5,0.29,1.28,1.0083333333333333
9,29,5,7,30.4,3,1.11,1.16,1.00125
10,29,5,7,11.5,3,1.0,1.63,0.9945833333333333
12,29,5,7,13.9,4,0.46,0.61,0.9458333333333333
13,29,5,7,9.5,4,0.69,0.86,0.9491666666666667
13,29,5,7,-6.6,4,1.97,1.82,0.9954166666666667
13,29,5,7,27.7,1,0.94,0.89,0.9587500000000001
14,29,5,7,39.9,2,1.89,1.07,1.0004166666666667
14,29,5,7,19.6,3,0.24,0.26,0.9658333333333333
15,29,5,7,9.9,1,0.43,0.51,0.9729166666666665
15,29,5,7,23.2,1,1.82,1.17,1.0275
15,29,5,7,19.1,2,1.14,0.55,1.0262499999999999
15,29,5,7,-9.1,1,1.55,0.55,1.0679166666666668
16,29,5,7,-6.2,4,1.9,1.7,1.1241666666666668
17,29,5,7,-3.1,5,1.94,1.63,1.1341666666666668
18,29,5,7,29.8,4,0.41,0.98,1.0833333333333333
18,29,5,7,27.4,2,1.18,0.79,1.0916666666666666
18,29,5,7,3.8,3,1.52,1.37,1.1220833333333333
19,29,5,7,13.6,2,1.77,0.44,1.13875
20,29,5,7,-8.8,1,1.78,0.29,1.1945833333333333
21,29,5,7,6.8,5,1.09,1.61,1.2279166666666668
1,30,6,7,21.1,5,0.5,0.96,1.1816666666666666
1,30,6,7,19.5,2,1.17,1.78,1.1904166666666667
2,30,6,7,29.0,2,1.86,0.29,1.1937499999999999
3,30,6,7,26.0,1,0.65,1.11,1.20875
4,30,6,7,13.8,5,0.79,1.0,1.1954166666666666
5,30,6,7,2.7,1,1.54,0.46,1.2179166666666665
6,30,6,7,27.1,3,1.5,0.69,1.26125
9,30,6,7,32.8,5,0.75,1.97,1.26375
9,30,6,7,17.1,1,1.14,0.94,1.2291666666666667
9,30,6,7,8.2,4,0.63,1.89,1.2162499999999998
11,30,6,7,22.4,5,1.87,0.24,1.2154166666666666
12,30,6,7,-6.5,4,1.63,0.43,1.2733333333333332
12,30,6,7,31.8,4,0.41,1.82,1.2725
15,30,6,7,0.3,1,0.24,1.14,1.2066666666666668
16,30,6,7,34.3,5,1.57,1.55,1.2245833333333334
16,30,6,7,-3.6,1,0.43,1.9,1.1779166666666667
17,30,6,7,38.3,3,0.68,1.94,1.1270833333333334
17,30,6,7,29.8,4,0.39,0.41,1.0625
18,30,6,7,20.2,4,0.6,1.18,1.0704166666666666
18,30,6,7,32.5,5,0.87,1.52,1.0574999999999999
18,30,6,7,4.4,2,1.08,1.77,1.0391666666666666
19,30,6,7,0.2,5,1.52,1.78,1.02875
20,30,6,7,30.9,3,1.55,1.09,1.0191666666666666
23,30,6,7,2.2,4,0.24,0.5,0.98375
0,31,0,7,-3.8,5,1.16,1.17,1.01125
1,31,0,7,32.7,4,1.01,1.86,1.0045833333333334
2,31,0,7,34.0,5,1.35,0.65,0.9833333333333334
3,31,0,7,12.6,4,0.46,0.79,0.9754166666666667
3,31,0,7,39.5,3,0.88,1.54,0.9791666666666666
4,31,0,7,-8.6,5,1.08,1.5,0.9600000000000001
4,31,0,7,1.5,4,1.21,0.75,0.9479166666666666
5,31,0,7,20.6,4,1.12,1.14,0.9633333333333334
5,31,0,7,14.5,1,0.4,0.63,0.9325
6,31,0,7,6.4,5,1.7,1.87,0.9770833333333334
7,31,0,7,9.4,5,1.74,1.63,0.9716666666666667
8,31,0,7,-5.7,5,1.65,0.41,0.9725
8,31,0,7,6.9,2,1.89,0.24,1.0341666666666667
8,31,0,7,14.4,2,1.19,1.57,1.07375
9,31,0,7,34.2,1,1.08,0.43,1.0533333333333332
11,31,0,7,11.4,4,0.83,0.68,1.07
12,31,0,7,34.4,4,1.68,0.39,1.1116666666666666
12,31,0,7,32.4,3,0.98,0.6,1.13625
13,31,0,7,34.9,1,0.45,0.87,1.1300000000000001
13,31,0,7,6.0,1,0.83,1.08,1.1283333333333332
14,31,0,7,2.0,5,1.14,1.52,1.1308333333333334
14,31,0,7,24.8,1,1.52,1.55,1.1308333333333331
16,31,0,7,6.2,3,1.36,0.24,1.1229166666666668
16,31,0,7,30.4,4,0.49,1.16,1.1333333333333333
17,31,0,7,16.0,5,0.54,1.01,1.1075
17,31,0,7,-6.4,4,1.37,1.35,1.1225
18,31,0,7,25.9,2,1.14,0.46,1.11375
18,31,0,7,-2.8,2,1.93,0.88,1.175
19,31,0,7,17.7,4,1.39,1.08,1.19625
19,31,0,7,29.2,1,1.46,1.21,1.2120833333333332
20,31,0,7,5.8,3,0.34,1.12,1.1758333333333333
21,31,0,7,31.3,2,1.44,0.4,1.1891666666666667
21,31,0,7,5.0,1,1.66,1.7,1.2416666666666667
22,31,0,7,22.0,4,1.0,1.74,1.2125
23,31,0,7,-2.0,2,0.69,1.65,1.16875
23,31,0,7,-5.7,3,0.42,1.89,1.1175
0,1,1,8,34.7,3,0.87,1.19,1.075
1,1,1,8,30.3,3,0.33,1.08,1.0391666666666666
4,1,1,8,37.3,5,0.46,0.83,1.0133333333333334
4,1,1,8,21.5,3,1.41,1.68,1.0374999999999999
5,1,1,8,-1.7,5,1.69,0.98,1.0379166666666666
7,1,1,8,10.4,2,0.94,0.45,1.03625
7,1,1,8,8.8,1,1.87,0.83,1.0954166666666667
8,1,1,8,22.3,3,0.82,1.14,1.095
9,1,1,8,28.5,3,1.06,1.52,1.0916666666666666
10,1,1,8,-1.0,2,0.43,1.36,1.04625
10,1,1,8,13.6,3,1.92,0.49,1.0695833333333333
10,1,1,8,27.1,4,0.4,0.54,1.0658333333333332
10,1,1,8,26.5,1,0.94,1.37,1.0825
11,1,1,8,34.2,3,1.77,1.14,1.0991666666666666
11,1,1,8,-4.5,4,0.24,1.93,1.0616666666666668
12,1,1,8,31.9,4,1.92,1.39,1.06125
15,1,1,8,-6.5,4,1.07,1.46,1.0479166666666666
15,1,1,8,30.9,2,0.47,0.34,1.0066666666666666
15,1,1,8,-4.7,2,0.33,1.44,1.00625
15,1,1,8,7.9,1,0.51,1.66,0.9674999999999999
16,1,1,8,18.6,3,1.77,1.0,0.9720833333333333
17,1,1,8,29.2,1,0.68,0.69,0.9587500000000001
17,1,1,8,28.1,4,0.61,0.42,0.9554166666666667
17,1,1,8,-4.5,1,0.71,0.87,0.9674999999999999
18,1,1,8,11.2,3,1.05,0.33,0.975
18,1,1,8,-9.5,1,0.74,0.46,0.9920833333333334
18,1,1,8,2.3,2,1.79,1.41,1.0475
18,1,1,8,10.8,1,1.6,1.69,1.0554166666666667
20,1,1,8,21.0,3,1.57,0.94,1.0504166666666668
20,1,1,8,38.2,5,1.34,1.87,1.0670833333333334
21,1,1,8,-2.7,4,1.5,0.82,1.0516666666666667
22,1,1,8,35.4,1,0.95,1.06,1.0570833333333334
23,1,1,8,-0.3,3,1.75,0.43,1.0858333333333334
23,1,1,8,14.9,4,0.92,1.92,1.10625
3,2,2,8,35.0,5,1.52,0.4,1.0895833333333333
5,2,2,8,33.6,4,1.9,0.94,1.1520833333333333
6,2,2,8,29.8,2,1.82,1.77,1.18875
7,2,2,8,31.5,5,1.17,0.24,1.16375
8,2,2,8,25.9,2,1.34,1.92,1.2095833333333332
8,2,2,8,3.5,2,1.96,1.07,1.21125
8,2,2,8,17.4,1,0.45,0.47,1.1854166666666666
8,2,2,8,39.9,4,0.41,0.33,1.1829166666666666
9,2,2,8,38.4,4,1.45,0.51,1.2295833333333333
10,2,2,8,29.4,3,1.48,1.77,1.27
10,2,2,8,18.8,1,0.99,0.68,1.2375
11,2,2,8,9.1,1,1.03,0.61,1.2520833333333332
13,2,2,8,-6.5,2,1.98,0.71,1.3091666666666666
14,2,2,8,20.6,5,1.32,1.05,1.3345833333333335
14,2,2,8,11.8,5,0.22,0.74,1.3
16,2,2,8,29.8,5,0.29,1.79,1.28125
17,2,2,8,35.9,5,0.6,1.6,1.2316666666666667
18,2,2,8,23.1,1,1.61,1.57,1.2320833333333334
21,2,2,8,3.7,5,0.44,1.34,1.1849999999999998
21,2,2,8,5.6,2,0.61,1.5,1.1545833333333333
22,2,2,8,24.5,4,1.49,0.95,1.1541666666666666
22,2,2,8,-1.2,2,0.69,1.75,1.1433333333333333
0,3,3,8,-4.8,2,1.37,0.92,1.1275
0,3,3,8,23.8,5,1.93,1.52,1.1695833333333334
1,3,3,8,18.7,2,0.74,1.9,1.1370833333333332
2,3,3,8,25.2,1,1.43,1.82,1.1175
3,3,3,8,25.2,4,0.24,1.17,1.0516666666666665
4,3,3,8,-8.8,3,0.5,1.34,1.02375
4,3,3,8,-7.8,1,0.54,1.96,0.9904166666666668
4,3,3,8,6.5,3,0.39,0.45,0.9249999999999999
7,3,3,8,11.1,2,1.4,0.41,0.9645833333333335
8,3,3,8,18.1,3,0.59,1.45,0.9720833333333334
8,3,3,8,30.1,4,1.35,1.48,0.9679166666666666
10,3,3,8,-8.2,3,1.94,0.99,0.9870833333333334
10,3,3,8,-8.3,4,0.56,1.03,0.9691666666666666
11,3,3,8,17.3,3,0.89,1.98,0.9633333333333333
11,3,3,8,19.1,4,1.08,1.32,0.9258333333333334
12,3,3,8,-7.8,4,1.29,0.22,0.9245833333333334
13,3,3,8,37.6,2,1.51,0.29,0.9783333333333334
14,3,3,8,34.7,3,0.82,0.6,1.0004166666666665
16,3,3,8,6.4,1,0.57,1.61,0.9991666666666666
17,3,3,8,33.3,5,0.48,0.44,0.9520833333333333
19,3,3,8,6.4,3,1.23,0.61,0.985
19,3,3,8,15.6,5,0.53,1.49,0.9816666666666668
21,3,3,8,0.3,1,1.35,0.69,0.9758333333333332
0,4,4,8,18.4,5,1.59,1.37,1.0133333333333334
1,4,4,8,28.6,4,0.5,1.93,0.9770833333333334
1,4,4,8,-4.2,4,0.92,0.74,0.935
2,4,4,8,32.2,2,1.24,1.43,0.9558333333333332
3,4,4,8,-9.8,2,1.63,0.24,0.9641666666666667
3,4,4,8,36.7,1,1.39,0.5,1.0120833333333334
3,4,4,8,12.4,4,0.23,0.54,1.0008333333333332
4,4,4,8,11.4,1,1.86,0.39,1.0558333333333334
4,4,4,8,31.0,1,1.8,1.4,1.1145833333333333
5,4,4,8,30.4,5,1.8,0.59,1.1312499999999999
6,4,4,8,37.2,4,0.6,1.35,1.1316666666666666
6,4,4,8,22.3,5,1.95,1.94,1.1566666666666667
7,4,4,8,31.4,5,0.62,0.56,1.1016666666666668
7,4,4,8,0.4,5,0.89,0.89,1.1154166666666667
7,4,4,8,32.2,5,0.57,1.08,1.1020833333333333
8,4,4,8,12.0,2,1.4,1.29,1.1154166666666667
8,4,4,8,19.4,1,1.32,1.51,1.1166666666666667
10,4,4,8,20.5,4,1.45,0.82,1.1141666666666665
10,4,4,8,26.7,1,0.9,0.57,1.1175
10,4,4,8,10.0,1,1.47,0.48,1.155
11,4,4,8,32.4,5,0.83,1.23,1.1695833333333334
11,4,4,8,34.5,4,0.28,0.53,1.1300000000000001
12,4,4,8,29.9,5,1.34,1.35,1.16375
13,4,4,8,26.6,5,0.9,1.59,1.145
15,4,4,8,15.2,3,1.94,0.5,1.1595833333333334
15,4,4,8,31.3,1,1.52,0.92,1.2020833333333332
15,4,4,8,-7.3,5,1.85,1.24,1.2408333333333335
15,4,4,8,10.2,4,0.43,1.63,1.2070833333333333
15,4,4,8,29.3,5,0.7,1.39,1.1683333333333332
15,4,4,8,4.6,4,1.26,0.23,1.1629166666666666
16,4,4,8,1.8,5,1.88,1.86,1.2316666666666667
17,4,4,8,-6.5,5,1.95,1.8,1.2354166666666666
18,4,4,8,23.6,1,1.79,1.8,1.235
18,4,4,8,-0.1,1,0.78,0.6,1.1925000000000001
19,4,4,8,11.5,3,1.32,1.95,1.2225
21,4,4,8,26.6,5,0.28,0.62,1.1529166666666668
22,4,4,8,17.8,1,1.61,0.89,1.1941666666666666
22,4,4,8,12.0,3,0.33,0.57,1.1708333333333332
22,4,4,8,32.2,3,1.69,1.4,1.2175
22,4,4,8,10.3,2,0.95,1.32,1.19875
23,4,4,8,11.0,1,1.82,1.45,1.2195833333333332
0,5,5,8,24.4,4,1.45,0.9,1.2195833333333332
0,5,5,8,38.6,3,0.39,1.47,1.1983333333333335
0,5,5,8,7.3,3,1.34,0.83,1.1929166666666666
0,5,5,8,30.4,4,1.9,0.28,1.2375
1,5,5,8,25.4,3,0.46,1.34,1.2449999999999999
1,5,5,8,9.3,1,1.92,0.9,1.2691666666666668
2,5,5,8,21.6,5,1.84,1.94,1.3083333333333333
3,5,5,8,11.3,5,1.87,1.52,1.3054166666666667
4,5,5,8,20.9,5,0.48,1.85,1.2620833333333332
6,5,5,8,-2.2,2,0.97,0.43,1.2254166666666666
7,5,5,8,-0.1,4,0.62,0.7,1.2333333333333332
8,5,5,8,25.5,5,1.69,1.26,1.2745833333333334
9,5,5,8,39.2,4,0.51,1.88,1.2433333333333334
9,5,5,8,-7.7,2,1.88,1.95,1.2433333333333334
10,5,5,8,39.2,1,0.79,1.79,1.195
11,5,5,8,6.3,2,1.36,0.78,1.1770833333333333
11,5,5,8,33.5,1,0.33,1.32,1.1583333333333334
11,5,5,8,32.6,5,1.74,0.28,1.1758333333333333
12,5,5,8,13.2,4,0.64,1.61,1.1908333333333332
13,5,5,8,6.1,2,0.71,0.33,1.1533333333333333
16,5,5,8,20.5,4,0.47,1.69,1.1591666666666667
16,5,5,8,34.2,3,1.42,0.95,1.1479166666666667
18,5,5,8,37.0,2,1.7,1.82,1.1791666666666667
20,5,5,8,12.0,1,1.86,1.45,1.1808333333333334
21,5,5,8,27.0,3,0.68,0.39,1.14875
22,5,5,8,-5.7,5,1.81,1.34,1.2079166666666667
23,5,5,8,26.5,1,0.68,1.9,1.1804166666666667
0,6,6,8,23.6,4,0.79,0.46,1.1341666666666665
2,6,6,8,20.5,2,0.51,1.92,1.1362500000000002
2,6,6,8,37.7,4,0.86,1.84,1.0920833333333333
3,6,6,8,29.4,4,1.88,1.87,1.09375
4,6,6,8,8.8,2,0.2,0.48,1.0241666666666667
4,6,6,8,25.3,3,1.79,0.97,1.07875
4,6,6,8,-3.8,3,0.71,0.62,1.0679166666666666
5,6,6,8,16.5,1,1.49,1.69,1.1041666666666667
6,6,6,8,38.4,2,1.57,0.51,1.0991666666666668
7,6,6,8,26.3,1,1.53,1.88,1.1416666666666666
7,6,6,8,37.8,3,1.05,0.79,1.1070833333333334
9,6,6,8,9.3,5,0.63,1.36,1.1004166666666666
9,6,6,8,-5.8,4,0.62,0.33,1.0695833333333333
11,6,6,8,21.7,1,0.71,1.74,1.0854166666666667
11,6,6,8,-5.6,5,0.62,0.64,1.03875
12,6,6,8,-9.2,4,0.55,0.71,1.035
12,6,6,8,31.1,1,1.59,0.47,1.0716666666666665
13,6,6,8,8.0,3,0.8,1.42,1.0854166666666667
14,6,6,8,37.9,1,0.83,1.7,1.0608333333333333
14,6,6,8,-7.2,2,1.09,1.86,1.0354166666666667
15,6,6,8,22.9,1,1.36,0.68,1.0145833333333334
16,6,6,8,29.4,1,1.4,1.81,1.0445833333333334
16,6,6,8,2.0,5,0.68,0.68,0.9974999999999999
16,6,6,8,-5.2,4,0.36,0.79,0.9841666666666667
18,6,6,8,-3.0,3,0.77,0.51,0.9833333333333334
19,6,6,8,21.1,4,1.59,0.86,1.0283333333333333
21,6,6,8,30.9,2,1.64,1.88,1.0608333333333333
21,6,6,8,11.2,2,0.94,0.2,1.0216666666666667
22,6,6,8,13.3,4,0.92,1.79,1.0516666666666667
23,6,6,8,7.6,5,1.44,0.71,1.0370833333333334
23,6,6,8,26.4,3,1.53,1.49,1.07125
1,7,0,8,14.9,3,1.8,1.57,1.0841666666666667
3,7,0,8,-1.6,2,1.06,1.53,1.0629166666666667
4,7,0,8,37.0,3,1.6,1.05,1.0658333333333334
4,7,0,8,23.3,5,0.26,0.63,1.0329166666666667
4,7,0,8,-2.6,3,0.69,0.62,1.0354166666666667
5,7,0,8,17.3,5,1.61,0.71,1.0766666666666667
5,7,0,8,26.7,4,0.75,0.62,1.0783333333333334
5,7,0,8,14.0,2,0.74,0.55,1.0833333333333335
6,7,0,8,30.1,2,0.75,1.59,1.0916666666666668
6,7,0,8,5.7,5,1.92,0.8,1.1054166666666667
7,7,0,8,-4.1,5,1.51,0.83,1.135
7,7,0,8,30.8,2,0.7,1.09,1.1295833333333334
8,7,0,8,19.4,3,0.69,1.36,1.1129166666666668
8,7,0,8,-8.3,5,0.88,1.4,1.0929166666666668
10,7,0,8,19.8,1,1.62,0.68,1.1020833333333335
11,7,0,8,31.6,2,0.81,0.36,1.1075000000000002
12,7,0,8,-6.2,2,1.3,0.77,1.1466666666666667
14,7,0,8,14.1,5,0.58,1.59,1.13875
14,7,0,8,13.6,5,0.6,1.64,1.0975
15,7,0,8,8.7,2,1.21,0.94,1.0795833333333333
18,7,0,8,7.4,1,0.91,0.92,1.0783333333333334
18,7,0,8,19.9,2,1.02,1.44,1.0825
21,7,0,8,23.4,1,0.85,1.53,1.0579166666666666
22,7,0,8,3.5,5,1.28,1.8,1.0475
23,7,0,8,12.5,4,0.33,1.06,0.98625
0,8,1,8,13.3,1,1.85,1.6,1.0191666666666668
1,8,1,8,-0.8,2,0.69,0.26,0.9812500000000001
2,8,1,8,38.5,5,1.23,0.69,1.0216666666666667
3,8,1,8,10.2,2,1.03,1.61,1.0358333333333334
4,8,1,8,-7.2,1,0.88,0.75,1.0054166666666668
4,8,1,8,35.4,5,0.22,0.74,0.9833333333333334
4,8,1,8,6.2,5,0.94,0.75,0.9916666666666667
5,8,1,8,-8.0,4,0.8,1.92,0.9937499999999999
5,8,1,8,18.1,5,1.77,1.51,0.9875000000000002
6,8,1,8,3.8,5,0.97,0.7,0.965
7,8,1,8,32.5,2,1.14,0.69,0.9833333333333334
7,8,1,8,34.7,4,1.17,0.88,1.0033333333333332
9,8,1,8,19.7,5,1.81,1.62,1.0420833333333333
9,8,1,8,37.8,1,1.44,0.81,1.0345833333333332
12,8,1,8,28.9,2,0.94,1.3,1.04
13,8,1,8,-2.8,4,1.84,0.58,1.0625
13,8,1,8,30.8,4,0.82,0.6,1.0725
13,8,1,8,10.0,4,1.5,1.21,1.11
14,8,1,8,-9.2,1,1.74,0.91,1.1320833333333333
14,8,1,8,35.8,5,1.36,1.02,1.1508333333333332
15,8,1,8,21.3,3,1.62,0.85,1.1758333333333333
15,8,1,8,5.3,2,0.48,1.28,1.1604166666666667
16,8,1,8,28.7,3,1.11,0.33,1.1533333333333333
17,8,1,8,18.5,2,1.13,1.85,1.1866666666666668
17,8,1,8,18.7,3,0.42,0.69,1.1270833333333334
21,8,1,8,7.3,5,1.32,1.23,1.1533333333333333
22,8,1,8,4.1,3,1.47,1.03,1.1633333333333333
23,8,1,8,26.4,2,1.84,0.88,1.1970833333333333
23,8,1,8,28.1,4,0.93,0.22,1.1991666666666665
23,8,1,8,15.0,3,1.77,0.94,1.26375
0,9,2,8,38.4,5,1.52,0.8,1.2879166666666666
1,9,2,8,36.8,5,1.27,1.77,1.3075
1,9,2,8,-6.1,2,1.42,0.97,1.2929166666666665
2,9,2,8,25.5,3,1.24,1.14,1.3041666666666667
2,9,2,8,12.4,3,0.98,1.17,1.2975
4,9,2,8,-1.1,3,1.91,1.81,1.3283333333333334
4,9,2,8,-3.4,2,1.48,1.44,1.3145833333333332
5,9,2,8,-9.5,5,0.69,0.94,1.2833333333333334
6,9,2,8,0.4,5,1.92,1.84,1.3241666666666667
6,9,2,8,35.7,5,0.67,0.82,1.2754166666666666
10,9,2,8,24.3,2,0.41,1.5,1.2583333333333333
10,9,2,8,1.0,1,1.77,1.74,1.2695833333333333
11,9,2,8,-4.1,4,0.69,1.36,1.2258333333333333
12,9,2,8,22.6,4,1.27,1.62,1.2220833333333334
12,9,2,8,34.6,5,0.89,0.48,1.1916666666666667
16,9,2,8,22.7,5,1.11,1.11,1.2179166666666668
16,9,2,8,25.0,2,1.01,1.13,1.2137499999999999
17,9,2,8,24.9,1,0.39,0.42,1.1829166666666666
18,9,2,8,18.2,1,1.11,1.32,1.2116666666666667
21,9,2,8,25.9,2,0.48,1.47,1.1766666666666665
22,9,2,8,28.9,1,1.67,1.84,1.185
1,10,3,8,35.8,5,0.63,0.93,1.1345833333333333
1,10,3,8,31.5,5,1.82,1.77,1.1716666666666666
2,10,3,8,-6.6,5,1.41,1.52,1.1566666666666667
3,10,3,8,16.2,5,0.32,1.27,1.1066666666666667
4,10,3,8,21.4,4,1.65,1.42,1.1224999999999998
6,10,3,8,-6.2,3,0.44,1.24,1.0816666666666668
6,10,3,8,-7.0,2,1.61,0.98,1.0970833333333332
7,10,3,8,30.2,3,0.47,1.91,1.0758333333333334
8,10,3,8,23.3,5,1.38,1.48,1.0537500000000002
9,10,3,8,20.8,3,1.73,0.69,1.0641666666666667
9,10,3,8,-4.7,5,1.01,1.92,1.0775
10,10,3,8,-7.4,2,1.18,0.67,1.0466666666666666
11,10,3,8,31.2,5,1.52,0.41,1.0820833333333333
11,10,3,8,6.6,3,0.46,1.77,1.0841666666666667
12,10,3,8,6.6,1,0.29,0.69,1.0225
12,10,3,8,16.2,2,1.83,1.27,1.07
13,10,3,8,2.4,1,0.98,0.89,1.0579166666666666
14,10,3,8,14.0,4,0.33,1.11,1.0345833333333332
15,10,3,8,37.2,5,0.84,1.01,1.0233333333333332
18,10,3,8,7.0,4,1.1,0.39,1.0270833333333333
19,10,3,8,14.6,5,1.02,1.11,1.0533333333333335
19,10,3,8,34.8,5,0.71,0.48,1.0366666666666668
22,10,3,8,-1.9,3,0.48,1.67,1.0366666666666668
22,10,3,8,17.1,3,1.93,0.63,1.0475
23,10,3,8,29.4,1,1.76,1.82,1.0945833333333332
23,10,3,8,17.3,2,1.83,1.41,1.095
0,11,4,8,23.6,2,0.47,0.32,1.0558333333333334
4,11,4,8,36.1,4,0.42,1.65,1.06
5,11,4,8,34.9,2,1.86,0.44,1.06875
5,11,4,8,22.8,1,1.96,1.61,1.1320833333333333
6,11,4,8,29.5,5,1.48,0.47,1.1266666666666667
7,11,4,8,13.0,5,1.99,1.38,1.1900000000000002
8,11,4,8,-5.6,1,0.91,1.73,1.1704166666666667
10,11,4,8,-2.7,1,0.4,1.01,1.115
11,11,4,8,21.6,3,0.38,1.18,1.0887499999999999
13,11,4,8,27.8,2,0.31,1.52,1.0525
13,11,4,8,18.9,1,0.88,0.46,1.0258333333333334
15,11,4,8,33.5,3,1.96,0.29,1.0883333333333334
16,11,4,8,34.9,3,0.67,1.83,1.1041666666666667
17,11,4,8,9.1,2,1.43,0.98,1.0875000000000001
17,11,4,8,37.3,5,0.65,0.33,1.07375
17,11,4,8,12.4,4,1.04,0.84,1.1033333333333333
17,11,4,8,37.4,4,0.31,1.1,1.08125
20,11,4,8,3.6,2,1.95,1.02,1.1166666666666667
20,11,4,8,37.7,4,1.93,0.71,1.1545833333333333
21,11,4,8,24.9,4,0.5,0.48,1.1458333333333333
23,11,4,8,6.2,3,0.28,1.93,1.1375
0,12,5,8,0.6,1,1.26,1.76,1.1095833333333334
1,12,5,8,37.5,4,1.09,1.83,1.0816666666666668
1,12,5,8,11.3,3,1.66,0.47,1.0745833333333332
2,12,5,8,18.6,4,1.78,0.42,1.1291666666666667
5,12,5,8,5.3,4,1.95,1.86,1.1929166666666666
5,12,5,8,31.6,5,1.96,1.96,1.1970833333333333
7,12,5,8,37.8,4,1.69,1.48,1.1858333333333333
11,12,5,8,15.3,5,0.67,1.99,1.1520833333333333
11,12,5,8,21.3,4,0.46,0.91,1.0883333333333334
11,12,5,8,30.0,5,0.98,0.4,1.0912499999999998
12,12,5,8,15.5,2,1.15,0.38,1.1225
13,12,5,8,16.7,5,1.39,0.31,1.1645833333333335
13,12,5,8,39.3,2,0.28,0.88,1.1633333333333333
17,12,5,8,15.4,1,1.2,1.96,1.1766666666666667
18,12,5,8,21.4,5,0.98,0.67,1.1358333333333333
20,12,5,8,36.6,1,0.25,1.43,1.1183333333333334
22,12,5,8,17.7,2,0.98,0.65,1.0995833333333331
23,12,5,8,8.7,1,1.83,1.04,1.14875
23,12,5,8,29.1,4,1.03,0.31,1.1483333333333332
1,13,6,8,3.8,3,0.34,1.95,1.1495833333333334
1,13,6,8,10.1,2,1.65,1.93,1.1370833333333332
2,13,6,8,29.6,1,1.98,0.5,1.1391666666666667
4,13,6,8,18.6,1,0.54,0.28,1.1408333333333334
5,13,6,8,11.4,4,1.95,1.26,1.2104166666666667
5,13,6,8,14.5,2,1.64,1.09,1.22625
6,13,6,8,-4.6,4,0.89,1.66,1.2179166666666668
7,13,6,8,-2.9,1,0.85,1.78,1.1841666666666666
8,13,6,8,31.8,3,1.09,1.95,1.1554166666666665
8,13,6,8,29.5,2,0.35,1.96,1.0887499999999999
8,13,6,8,7.6,3,0.41,1.69,1.0241666666666667
9,13,6,8,27.4,5,1.88,0.67,1.0320833333333332
9,13,6,8,14.8,3,0.9,0.46,1.0416666666666667
9,13,6,8,-2.8,2,0.77,0.98,1.0545833333333332
10,13,6,8,-1.6,2,1.23,1.15,1.0650000000000002
12,13,6,8,21.6,2,0.85,1.39,1.0525
14,13,6,8,24.1,2,1.07,0.28,1.0391666666666666
14,13,6,8,-1.4,2,0.77,1.2,1.0595833333333333
15,13,6,8,14.6,5,1.01,0.98,1.0516666666666665
16,13,6,8,37.7,1,1.35,0.25,1.0670833333333334
17,13,6,8,7.4,2,0.39,0.98,1.0729166666666667
18,13,6,8,-2.9,3,0.89,1.83,1.0691666666666666
19,13,6,8,-0.6,1,0.72,1.03,1.0229166666666667
21,13,6,8,-3.3,2,0.4,0.34,0.9966666666666667
21,13,6,8,1.3,3,0.34,1.65,0.9966666666666667
21,13,6,8,10.4,1,1.13,1.98,0.975
21,13,6,8,-9.7,2,0.91,0.54,0.9304166666666666
21,13,6,8,29.3,2,1.47,1.95,0.9691666666666666
22,13,6,8,35.6,2,1.62,1.64,0.9554166666666667
23,13,6,8,31.1,3,0.79,0.89,0.9199999999999999
0,14,0,8,34.7,5,0.82,0.85,0.9170833333333333
0,14,0,8,33.8,5,1.79,1.09,0.9562500000000002
0,14,0,8,20.4,5,1.95,0.35,0.9920833333333333
0,14,0,8,12.7,2,1.77,0.41,1.05125
1,14,0,8,30.9,4,0.33,1.88,1.0479166666666666
1,14,0,8,29.0,1,0.6,0.9,0.9945833333333334
2,14,0,8,37.3,1,1.48,0.77,1.01875
2,14,0,8,29.2,2,0.39,1.23,1.0029166666666667
3,14,0,8,34.9,5,1.29,0.85,1.0054166666666666
3,14,0,8,23.0,2,1.14,1.07,1.0175
4,14,0,8,9.3,3,0.58,0.77,0.9970833333333333
4,14,0,8,27.4,4,0.88,1.01,1.0016666666666667
5,14,0,8,-3.2,4,0.65,1.35,0.9866666666666667
8,14,0,8,21.1,3,0.38,0.39,0.9462499999999999
8,14,0,8,5.2,4,1.42,0.89,0.9891666666666667
9,14,0,8,28.3,4,1.37,0.72,1.0091666666666665
10,14,0,8,17.2,4,1.46,0.4,1.0399999999999998
12,14,0,8,35.8,4,0.66,0.34,1.0508333333333333
13,14,0,8,12.1,3,0.98,1.13,1.0775
13,14,0,8,36.2,4,1.73,0.91,1.1025
13,14,0,8,-7.2,2,0.79,1.47,1.0975
14,14,0,8,15.6,1,1.38,1.62,1.09375
14,14,0,8,0.9,5,1.44,0.79,1.08625
14,14,0,8,7.8,3,1.05,0.82,1.0970833333333334
14,14,0,8,28.4,3,0.91,1.79,1.1008333333333333
16,14,0,8,13.3,5,0.93,1.95,1.065
16,14,0,8,8.7,2,1.71,1.77,1.055
16,14,0,8,29.6,3,1.68,0.33,1.05125
19,14,0,8,8.8,3,0.42,0.6,1.055
21,14,0,8,0.7,1,1.57,1.48,1.0954166666666667
22,14,0,8,2.8,4,0.28,0.39,1.0454166666666667
0,15,1,8,33.3,2,1.67,1.29,1.09875
0,15,1,8,16.1,1,0.54,1.14,1.0675000000000001
0,15,1,8,30.4,3,1.44,0.58,1.0799999999999998
1,15,1,8,-2.0,2,1.92,0.88,1.1358333333333335
1,15,1,8,9.2,5,1.29,0.65,1.1529166666666666
1,15,1,8,-7.3,5,0.47,0.38,1.1454166666666665
3,15,1,8,35.2,4,0.47,1.42,1.1491666666666667
3,15,1,8,6.7,5,1.79,1.37,1.1645833333333333
6,15,1,8,-8.8,3,1.33,1.46,1.1629166666666666
6,15,1,8,27.0,1,1.53,0.66,1.1658333333333333
7,15,1,8,5.5,5,1.58,0.98,1.2041666666666668
8,15,1,8,6.1,1,0.71,1.73,1.1929166666666666
9,15,1,8,10.3,5,0.31,0.79,1.13375
9,15,1,8,13.3,5,0.43,1.38,1.1187500000000001
9,15,1,8,6.5,5,0.52,1.44,1.0829166666666665
10,15,1,8,3.8,1,0.97,1.05,1.0633333333333332
10,15,1,8,18.9,5,1.14,0.91,1.0670833333333334
11,15,1,8,3.4,1,1.26,0.93,1.0816666666666668
13,15,1,8,17.4,5,0.95,1.71,1.0825
13,15,1,8,6.6,4,0.57,1.68,1.035
13,15,1,8,-9.8,1,1.31,0.42,1.0195833333333333
15,15,1,8,10.7,5,0.94,1.57,1.04125
16,15,1,8,34.9,4,1.29,0.28,1.0295833333333333
17,15,1,8,7.1,5,0.81,1.67,1.0516666666666665
17,15,1,8,9.8,3,1.12,0.54,1.02875
17,15,1,8,1.4,4,0.88,1.44,1.0429166666666665
18,15,1,8,10.0,1,1.87,1.92,1.0608333333333333
19,15,1,8,23.8,3,1.38,1.29,1.0383333333333333
20,15,1,8,16.6,2,1.06,0.47,1.02875
21,15,1,8,-9.7,2,1.64,0.47,1.0775000000000001
21,15,1,8,-5.1,5,0.27,1.79,1.0691666666666666
22,15,1,8,20.3,3,1.16,1.33,1.0429166666666667
22,15,1,8,-6.7,3,0.52,1.53,1.0091666666666668
22,15,1,8,16.9,1,0.32,1.58,0.9587500000000001
23,15,1,8,16.9,2,0.89,0.71,0.93
0,16,2,8,39.4,5,1.66,0.31,0.9695833333333334
0,16,2,8,-8.9,5,0.42,0.43,0.9741666666666666
0,16,2,8,33.4,3,1.36,0.52,1.0129166666666667
1,16,2,8,-9.8,3,0.86,0.97,1.0270833333333333
3,16,2,8,10.0,5,0.93,1.14,1.0254166666666666
5,16,2,8,33.8,2,1.58,1.26,1.04375
5,16,2,8,38.9,1,0.63,0.95,1.0174999999999998
5,16,2,8,23.0,2,1.49,0.57,1.04
6,16,2,8,0.8,2,2.0,1.31,1.0995833333333334
6,16,2,8,11.5,2,0.7,0.94,1.0741666666666667
8,16,2,8,27.9,3,0.89,1.29,1.0720833333333333
9,16,2,8,-3.3,4,1.69,0.81,1.0887499999999999
9,16,2,8,-2.3,4,1.69,1.12,1.1254166666666667
10,16,2,8,-6.4,2,1.89,0.88,1.1575
11,16,2,8,8.8,5,1.69,1.87,1.19125
14,16,2,8,20.5,4,0.67,1.38,1.14125
15,16,2,8,29.0,5,1.58,1.06,1.1495833333333334
15,16,2,8,37.8,2,0.59,1.64,1.13
16,16,2,8,36.7,4,0.68,0.27,1.0899999999999999
16,16,2,8,26.7,4,1.2,1.16,1.12875
16,16,2,8,3.6,2,1.32,0.52,1.1354166666666667
17,16,2,8,27.7,5,0.49,0.32,1.1341666666666665
19,16,2,8,13.1,4,1.42,0.89,1.18
21,16,2,8,24.6,4,1.81,1.66,1.2183333333333333
21,16,2,8,17.5,1,1.28,0.42,1.2025000000000001
22,16,2,8,6.1,2,1.65,1.36,1.25375
0,17,3,8,2.5,2,1.14,0.86,1.2445833333333334
1,17,3,8,19.4,4,0.4,0.93,1.2254166666666666
2,17,3,8,11.2,2,0.88,1.58,1.2233333333333334
2,17,3,8,0.2,3,0.96,0.63,1.1975
3,17,3,8,26.9,2,0.99,1.49,1.2125000000000001
5,17,3,8,-1.3,5,0.99,2.0,1.1916666666666667
5,17,3,8,11.9,1,1.41,0.7,1.1670833333333333
5,17,3,8,26.5,1,1.36,0.89,1.1945833333333333
6,17,3,8,17.0,4,0.81,1.69,1.19125
7,17,3,8,38.1,5,0.97,1.69,1.1612500000000001
7,17,3,8,38.7,2,1.25,1.89,1.1429166666666666
10,17,3,8,2.6,2,0.63,1.69,1.0904166666666666
10,17,3,8,25.0,5,1.62,0.67,1.0875000000000001
11,17,3,8,20.5,3,1.54,1.58,1.12375
13,17,3,8,24.0,1,1.71,0.59,1.1291666666666667
14,17,3,8,9.5,2,1.4,0.68,1.1629166666666666
14,17,3,8,-4.6,5,0.91,1.2,1.1724999999999999
14,17,3,8,8.5,4,1.83,1.32,1.19875
15,17,3,8,31.4,2,1.91,0.49,1.2233333333333334
16,17,3,8,12.4,2,1.23,1.42,1.2541666666666667
16,17,3,8,18.4,3,0.95,1.81,1.2345833333333334
17,17,3,8,-8.4,2,0.86,1.28,1.195
17,17,3,8,29.2,3,0.72,1.65,1.1716666666666666
17,17,3,8,-8.5,4,0.83,1.14,1.1375
17,17,3,8,17.9,4,1.22,0.4,1.1408333333333334
17,17,3,8,25.3,5,0.43,0.88,1.1420833333333333
17,17,3,8,31.5,1,0.9,0.96,1.1429166666666668
17,17,3,8,36.3,3,1.99,0.99,1.1858333333333333
18,17,3,8,12.3,5,1.54,0.99,1.20875
18,17,3,8,1.5,1,1.86,1.41,1.245
18,17,3,8,14.2,4,1.15,1.36,1.2341666666666666
18,17,3,8,35.8,1,0.61,0.81,1.2029166666666666
18,17,3,8,3.8,3,1.61,0.97,1.2362499999999998
19,17,3,8,15.0,5,1.37,1.25,1.2529166666666667
20,17,3,8,13.2,5,0.68,0.63,1.2291666666666667
21,17,3,8,29.3,5,1.96,1.62,1.2845833333333334
22,17,3,8,-8.1,2,0.59,1.54,1.2416666666666667
22,17,3,8,29.4,3,1.81,1.71,1.2529166666666667
0,18,4,8,7.3,1,0.22,1.4,1.1908333333333334
2,18,4,8,16.6,4,1.03,0.91,1.1754166666666668
2,18,4,8,36.9,2,0.26,1.83,1.1483333333333334
3,18,4,8,4.2,3,0.57,1.91,1.0958333333333334
3,18,4,8,-0.7,1,1.46,1.23,1.0770833333333334
3,18,4,8,11.6,2,1.02,0.95,1.0683333333333334
3,18,4,8,7.9,3,0.3,0.86,1.04125
4,18,4,8,1.4,4,1.14,0.72,1.0529166666666667
4,18,4,8,-5.0,5,0.81,0.83,1.0566666666666669
5,18,4,8,35.2,5,1.51,1.22,1.085
5,18,4,8,39.0,5,1.65,0.43,1.1029166666666668
6,18,4,8,15.6,2,1.74,0.9,1.1575
9,18,4,8,38.4,4,1.02,1.99,1.1624999999999999
9,18,4,8,4.1,2,0.22,1.54,1.0887499999999999
10,18,4,8,-4.2,3,1.11,1.86,1.0708333333333335
11,18,4,8,27.0,4,0.41,1.15,1.0104166666666667
11,18,4,8,0.7,2,0.53,0.61,0.9845833333333333
11,18,4,8,8.4,1,1.98,1.61,1.0416666666666667
12,18,4,8,13.1,1,0.57,1.37,0.9983333333333334
12,18,4,8,1.6,2,0.93,0.68,0.98
13,18,4,8,6.9,2,1.13,1.96,0.9987499999999999
13,18,4,8,36.0,4,1.13,0.59,0.9641666666666667
14,18,4,8,-2.7,3,0.46,1.81,0.9587499999999999
16,18,4,8,3.6,2,0.53,0.22,0.9054166666666666
17,18,4,8,11.0,5,1.99,1.03,0.9791666666666666
17,18,4,8,11.0,4,0.24,0.26,0.94625
18,18,4,8,13.7,4,1.43,0.57,0.995
19,18,4,8,-5.0,5,1.98,1.46,1.05375
19,18,4,8,12.0,5,1.0,1.02,1.0345833333333332
20,18,4,8,0.9,1,1.83,0.3,1.0683333333333331
20,18,4,8,24.6,5,0.96,1.14,1.0958333333333334
20,18,4,8,-5.8,4,1.07,0.81,1.0929166666666668
22,18,4,8,9.1,5,0.76,1.51,1.0908333333333333
0,19,5,8,9.9,1,1.37,1.65,1.085
1,19,5,8,31.4,3,1.79,1.74,1.0908333333333333
1,19,5,8,3.6,2,0.46,1.02,1.0374999999999999
2,19,5,8,9.6,4,1.46,0.22,1.0558333333333334
3,19,5,8,36.4,1,1.51,1.11,1.1095833333333334
4,19,5,8,3.6,4,1.41,0.41,1.1220833333333333
7,19,5,8,33.0,5,0.33,0.53,1.11875
8,19,5,8,10.7,3,1.25,1.98,1.14875
9,19,5,8,39.2,1,1.25,0.57,1.1183333333333334
9,19,5,8,22.6,5,0.41,0.93,1.1116666666666666
9,19,5,8,13.5,1,0.71,1.13,1.1025
9,19,5,8,26.2,3,0.98,1.13,1.0962500000000002
10,19,5,8,23.5,2,1.63,0.46,1.1170833333333332
10,19,5,8,25.3,2,1.79,0.53,1.1725
11,19,5,8,-4.7,5,1.59,1.99,1.2166666666666666
11,19,5,8,16.1,1,0.4,0.24,1.1504166666666669
11,19,5,8,-4.3,1,0.34,1.43,1.1545833333333333
13,19,5,8,13.0,2,1.69,1.98,1.1654166666666665
13,19,5,8,12.9,5,0.57,1.0,1.1066666666666667
14,19,5,8,30.4,1,1.33,1.83,1.1204166666666666
14,19,5,8,29.3,1,0.88,0.96,1.0808333333333333
15,19,5,8,8.2,2,1.61,1.07,1.1079166666666667
16,19,5,8,24.7,1,0.83,0.76,1.0979166666666667
16,19,5,8,8.5,3,1.0,1.37,1.1079166666666667
17,19,5,8,12.5,3,0.89,1.79,1.0879166666666669
17,19,5,8,17.1,5,0.62,0.46,1.0391666666666666
18,19,5,8,32.3,4,1.47,1.46,1.08125
20,19,5,8,34.1,3,0.81,1.51,1.0541666666666667
20,19,5,8,4.1,4,1.11,1.41,1.0374999999999999
20,19,5,8,27.6,5,0.88,0.33,1.0154166666666666
21,19,5,8,5.5,4,0.69,1.25,1.0304166666666668
22,19,5,8,-7.6,3,0.44,1.25,0.9966666666666667
23,19,5,8,-5.9,2,1.4,0.41,1.0029166666666667
23,19,5,8,21.3,5,1.22,0.71,1.0366666666666666
1,20,6,8,6.4,5,1.67,0.98,1.0766666666666667
2,20,6,8,7.3,1,0.9,1.63,1.0733333333333333
5,20,6,8,37.0,1,1.24,1.79,1.0570833333333334
6,20,6,8,33.1,2,1.76,1.59,1.0558333333333334
6,20,6,8,9.3,1,0.62,0.4,1.0154166666666666
6,20,6,8,30.5,2,0.94,0.34,1.0379166666666666
6,20,6,8,21.5,4,0.43,1.69,1.0416666666666667
7,20,6,8,28.2,4,0.25,0.57,0.9816666666666668
10,20,6,8,34.8,1,0.48,1.33,0.9779166666666668
10,20,6,8,25.4,5,0.47,0.88,0.9420833333333333
11,20,6,8,-3.1,4,0.67,1.61,0.9333333333333332
11,20,6,8,32.8,4,1.99,0.83,0.9491666666666667
12,20,6,8,20.9,2,1.37,1.0,0.9716666666666667
13,20,6,8,19.3,2,1.95,0.89,1.01125
14,20,6,8,-5.2,4,1.91,0.62,1.05375
15,20,6,8,39.2,3,1.1,1.47,1.07375
16,20,6,8,15.2,5,0.34,0.81,1.0266666666666666
17,20,6,8,14.1,4,1.11,1.11,1.0391666666666668
19,20,6,8,27.4,1,1.23,0.88,1.0441666666666667
21,20,6,8,19.1,2,0.7,0.69,1.0366666666666668
21,20,6,8,-0.9,1,1.87,0.44,1.0858333333333332
22,20,6,8,6.4,5,0.26,1.4,1.0783333333333334
22,20,6,8,17.0,5,0.94,1.22,1.0591666666666668
23,20,6,8,36.0,1,1.41,1.67,1.0670833333333334
0,21,0,8,35.0,5,0.99,0.9,1.03875
2,21,0,8,39.3,5,1.94,1.24,1.0820833333333335
3,21,0,8,19.9,4,1.66,1.76,1.0995833333333334
3,21,0,8,15.9,3,0.21,0.62,1.035
4,21,0,8,7.9,1,1.17,0.94,1.0579166666666666
5,21,0,8,33.5,2,0.99,0.43,1.0599999999999998
6,21,0,8,-7.2,1,1.39,0.25,1.0999999999999999
7,21,0,8,12.9,2,0.46,0.48,1.10875
10,21,0,8,29.9,4,0.8,0.47,1.1220833333333333
11,21,0,8,7.3,4,1.46,0.67,1.1633333333333333
11,21,0,8,-9.1,4,0.28,1.99,1.1470833333333335
13,21,0,8,18.3,4,1.05,1.37,1.1079166666666667
13,21,0,8,9.9,3,1.73,1.95,1.1229166666666666
14,21,0,8,19.2,1,1.64,1.91,1.11
15,21,0,8,-4.4,1,1.32,1.1,1.0854166666666665
17,21,0,8,31.8,2,1.38,0.34,1.0970833333333334
18,21,0,8,4.2,5,0.87,1.11,1.1191666666666666
18,21,0,8,15.9,5,1.41,1.23,1.1316666666666666
19,21,0,8,20.8,2,0.81,0.7,1.1141666666666667
22,21,0,8,19.5,1,1.82,1.87,1.1608333333333334
3,22,1,8,10.2,2,0.84,0.26,1.1179166666666667
4,22,1,8,40.0,2,0.4,0.94,1.12375
4,22,1,8,7.2,5,0.32,1.41,1.0979166666666667
6,22,1,8,3.0,4,0.84,0.99,1.0741666666666665
7,22,1,8,-4.1,3,0.82,1.94,1.0670833333333334
8,22,1,8,12.8,5,1.91,1.66,1.0658333333333332
9,22,1,8,1.0,4,1.73,0.21,1.0687499999999999
9,22,1,8,-1.1,4,1.64,1.17,1.1283333333333334
10,22,1,8,-2.2,1,1.04,0.99,1.1229166666666666
10,22,1,8,-0.6,4,1.82,1.39,1.1575
11,22,1,8,32.8,4,1.78,0.46,1.1737499999999998
11,22,1,8,-4.3,5,1.8,0.8,1.2295833333333333
12,22,1,8,31.6,4,1.28,1.46,1.2495833333333333
12,22,1,8,23.5,5,1.85,0.28,1.2658333333333334
14,22,1,8,-9.8,2,1.93,1.05,1.3345833333333335
15,22,1,8,2.2,5,1.05,1.73,1.3345833333333335
17,22,1,8,5.5,5,0.95,1.64,1.3020833333333333
17,22,1,8,-8.1,1,1.41,1.32,1.2925
18,22,1,8,2.7,5,1.5,1.38,1.3
18,22,1,8,28.8,5,1.17,0.87,1.29125
18,22,1,8,19.1,5,0.72,1.41,1.285
20,22,1,8,8.8,4,0.48,0.81,1.24625
22,22,1,8,22.8,4,1.9,1.82,1.2916666666666667
23,22,1,8,14.1,3,1.23,0.84,1.2670833333333331
23,22,1,8,-4.1,2,1.75,0.4,1.305
23,22,1,8,-1.3,3,0.71,0.32,1.3179166666666666
0,23,2,8,9.6,1,0.48,0.84,1.3245833333333332
0,23,2,8,32.7,3,1.24,0.82,1.3412499999999998
1,23,2,8,26.5,1,0.59,1.91,1.3316666666666668
1,23,2,8,7.1,4,1.58,1.73,1.3179166666666666
5,23,2,8,23.8,1,1.43,1.64,1.3054166666666667
5,23,2,8,15.9,2,0.65,1.04,1.2641666666666667
7,23,2,8,10.2,1,1.05,1.82,1.2645833333333332
7,23,2,8,17.2,5,1.67,1.78,1.2583333333333333
7,23,2,8,-7.5,3,1.57,1.8,1.2495833333333335
8,23,2,8,-3.9,1,0.22,1.28,1.18375
10,23,2,8,26.8,4,1.85,1.85,1.2075
10,23,2,8,-8.1,5,1.37,1.93,1.1875
10,23,2,8,14.7,1,1.78,1.05,1.18125
12,23,2,8,15.0,5,1.33,0.95,1.1929166666666668
13,23,2,8,34.0,2,1.48,1.41,1.215
13,23,2,8,-8.5,5,1.26,1.5,1.20875
13,23,2,8,12.3,2,1.49,1.17,1.2083333333333333
14,23,2,8,14.4,4,1.07,0.72,1.2041666666666666
17,23,2,8,-1.7,5,0.37,0.48,1.1895833333333334
18,23,2,8,-4.9,4,0.82,1.9,1.20375
21,23,2,8,39.6,2,1.59,1.23,1.1908333333333332
22,23,2,8,-9.4,4,0.34,1.75,1.15375
0,24,3,8,36.8,5,1.33,0.71,1.13625
5,24,3,8,23.2,1,0.24,0.48,1.1166666666666667
6,24,3,8,7.0,2,1.34,1.24,1.1525
7,24,3,8,35.9,4,1.99,0.59,1.18375
8,24,3,8,15.1,2,1.05,1.58,1.2029166666666666
9,24,3,8,2.1,2,1.55,1.43,1.2016666666666667
9,24,3,8,32.6,1,0.52,0.65,1.16375
11,24,3,8,-0.2,5,1.22,1.05,1.1875
12,24,3,8,30.7,3,1.68,1.67,1.21375
12,24,3,8,-9.2,5,0.22,1.57,1.1533333333333333
13,24,3,8,-7.9,2,1.3,0.22,1.1420833333333333
14,24,3,8,3.1,5,0.24,1.85,1.1429166666666666
14,24,3,8,-3.6,2,1.67,1.37,1.1354166666666667
16,24,3,8,18.7,4,0.71,1.78,1.1079166666666669
17,24,3,8,6.2,3,0.48,1.33,1.05375
17,24,3,8,4.9,2,1.96,1.48,1.0799999999999998
17,24,3,8,20.5,5,0.3,1.26,1.0308333333333333
18,24,3,8,14.4,1,1.23,1.49,1.0295833333333333
20,24,3,8,-8.3,1,0.47,1.07,0.9870833333333332
20,24,3,8,34.0,2,0.63,0.37,0.96875
21,24,3,8,33.9,2,1.93,0.82,1.0337500000000002
21,24,3,8,23.1,1,0.27,1.59,1.0108333333333335
21,24,3,8,-5.7,3,1.51,0.34,1.0075
0,25,4,8,24.4,2,1.52,1.33,1.0566666666666666
1,25,4,8,-8.2,3,1.28,0.24,1.0545833333333332
3,25,4,8,26.5,3,1.18,1.34,1.09375
4,25,4,8,9.8,5,0.81,1.99,1.0716666666666668
5,25,4,8,16.4,2,0.51,1.05,1.01
5,25,4,8,21.2,2,0.59,1.55,0.9908333333333332
5,25,4,8,9.2,5,0.51,0.52,0.9475000000000001
6,25,4,8,-4.0,3,1.5,1.22,0.9883333333333334
6,25,4,8,4.9,3,1.52,1.68,1.0008333333333332
7,25,4,8,12.3,2,1.34,0.22,0.9866666666666667
8,25,4,8,-7.8,2,1.51,1.3,1.0404166666666665
9,25,4,8,29.6,1,1.59,0.24,1.0525
9,25,4,8,-8.8,1,1.77,1.67,1.1162500000000002
10,25,4,8,23.8,5,1.51,0.71,1.1095833333333334
10,25,4,8,-1.5,2,0.38,0.48,1.0958333333333334
12,25,4,8,27.6,3,1.06,1.96,1.1199999999999999
12,25,4,8,18.7,2,0.75,0.3,1.0695833333333333
13,25,4,8,25.5,3,0.22,1.23,1.06625
13,25,4,8,18.3,4,0.92,0.47,1.0533333333333335
14,25,4,8,32.1,5,0.75,0.63,1.0650000000000002
16,25,4,8,36.7,4,1.1,1.93,1.0845833333333332
17,25,4,8,11.9,5,1.03,0.27,1.0470833333333334
18,25,4,8,12.0,1,0.97,1.51,1.07625
18,25,4,8,21.6,4,0.4,1.52,1.03
19,25,4,8,16.7,1,0.81,1.28,1.0004166666666667
19,25,4,8,10.8,3,1.13,1.18,0.9941666666666666
19,25,4,8,0.7,2,1.06,0.81,0.9891666666666667
21,25,4,8,12.7,1,1.72,0.51,1.0270833333333333
23,25,4,8,32.1,4,0.61,0.59,1.03125
0,26,5,8,38.9,3,1.0,0.51,1.0483333333333333
0,26,5,8,-8.1,1,0.76,1.5,1.05875
1,26,5,8,23.5,4,1.27,1.52,1.0491666666666666
1,26,5,8,37.0,2,0.67,1.34,1.01375
2,26,5,8,2.3,4,0.2,1.51,0.96625
3,26,5,8,36.3,3,0.86,1.59,0.9391666666666666
5,26,5,8,38.1,4,0.68,1.77,0.90125
5,26,5,8,11.7,1,1.7,1.51,0.8983333333333333
5,26,5,8,-8.5,3,1.66,0.38,0.9045833333333334
6,26,5,8,3.7,2,1.75,1.06,0.9616666666666666
6,26,5,8,14.3,4,1.63,0.75,0.9854166666666666
7,26,5,8,21.2,3,0.74,0.22,0.985
7,26,5,8,17.4,3,1.54,0.92,1.04
8,26,5,8,8.4,3,1.44,0.75,1.0616666666666668
8,26,5,8,2.4,2,1.9,1.1,1.1095833333333334
9,26,5,8,4.9,3,1.89,1.03,1.1425
11,26,5,8,2.2,2,1.39,0.97,1.1575
12,26,5,8,-9.2,5,0.29,0.4,1.1291666666666667
12,26,5,8,23.9,1,0.69,0.81,1.14125
13,26,5,8,11.6,5,1.79,1.13,1.1820833333333334
16,26,5,8,25.8,3,1.29,1.06,1.18875
19,26,5,8,36.0,4,0.49,1.72,1.1649999999999998
21,26,5,8,16.8,2,1.03,0.61,1.13625
21,26,5,8,11.0,5,0.64,1.0,1.1375
21,26,5,8,12.0,2,1.43,0.76,1.1554166666666668
22,26,5,8,-5.6,2,0.28,1.27,1.1354166666666667
23,26,5,8,10.4,5,1.54,0.67,1.1466666666666667
0,27,6,8,-9.6,3,1.05,0.2,1.1625
0,27,6,8,1.2,3,0.91,0.86,1.1920833333333334
1,27,6,8,9.7,4,1.21,0.68,1.2066666666666668
1,27,6,8,15.1,2,0.3,1.7,1.1908333333333332
2,27,6,8,31.5,1,1.05,1.66,1.16375
2,27,6,8,26.9,5,1.22,1.75,1.1454166666666665
3,27,6,8,-1.2,3,0.4,1.63,1.0891666666666666
4,27,6,8,36.2,4,1.1,0.74,1.0670833333333334
4,27,6,8,8.3,3,0.29,1.54,1.0483333333333333
4,27,6,8,31.3,5,0.36,1.44,0.9991666666666666
4,27,6,8,24.3,4,1.26,1.9,0.9916666666666666
6,27,6,8,-2.3,4,0.53,1.89,0.9345833333333333
7,27,6,8,11.1,5,0.53,1.39,0.8779166666666667
8,27,6,8,24.2,3,1.9,0.29,0.8991666666666666
8,27,6,8,0.4,3,1.16,0.69,0.9354166666666667
9,27,6,8,29.0,5,1.15,1.79,0.9545833333333332
9,27,6,8,14.1,1,1.59,1.29,0.94625
10,27,6,8,-0.5,1,0.51,0.49,0.91375
10,27,6,8,20.8,5,1.99,1.03,0.9762500000000002
12,27,6,8,0.7,3,1.62,0.64,1.0008333333333332
15,27,6,8,-5.2,2,1.81,1.43,1.0495833333333333
17,27,6,8,-7.1,2,0.94,0.28,1.0291666666666666
18,27,6,8,1.1,2,1.34,1.54,1.0733333333333333
18,27,6,8,7.8,5,0.9,1.05,1.0466666666666666
18,27,6,8,-6.9,3,1.91,0.91,1.0825
19,27,6,8,9.6,4,0.51,1.21,1.0658333333333332
19,27,6,8,35.9,1,1.64,0.3,1.08375
21,27,6,8,-2.7,3,1.26,1.05,1.12375
21,27,6,8,9.0,4,1.23,1.22,1.13125
0,28,0,8,29.6,3,0.68,0.4,1.1087500000000001
0,28,0,8,23.3,3,0.57,1.1,1.1158333333333335
0,28,0,8,-1.4,2,1.59,0.29,1.13625
1,28,0,8,15.6,5,1.77,0.36,1.1979166666666667
2,28,0,8,39.7,5,1.03,1.26,1.2258333333333333
2,28,0,8,-2.5,4,1.01,0.53,1.2154166666666668
3,28,0,8,3.1,3,0.81,0.53,1.2270833333333333
5,28,0,8,27.8,5,0.71,1.9,1.2345833333333334
5,28,0,8,9.3,4,1.47,1.16,1.2166666666666666
7,28,0,8,23.2,4,1.41,1.15,1.2270833333333333
7,28,0,8,-7.1,1,0.29,1.59,1.19125
9,28,0,8,36.6,5,0.52,0.51,1.1466666666666667
10,28,0,8,1.1,4,0.48,1.99,1.1454166666666667
10,28,0,8,6.7,1,0.22,1.62,1.0716666666666665
10,28,0,8,10.9,2,1.93,1.81,1.0845833333333335
12,28,0,8,39.4,4,1.3,0.94,1.0633333333333332
13,28,0,8,26.0,2,0.77,1.34,1.0562500000000001
14,28,0,8,20.6,5,1.0,0.9,1.0420833333333335
14,28,0,8,33.2,5,1.02,1.91,1.0470833333333334
15,28,0,8,36.1,4,0.2,0.51,0.9758333333333332
16,28,0,8,38.0,1,0.69,1.64,0.9833333333333334
19,28,0,8,23.0,3,1.95,1.26,0.99625
19,28,0,8,5.5,4,0.47,1.23,0.9633333333333333
19,28,0,8,-1.4,2,0.44,0.68,0.9304166666666666
20,28,0,8,1.2,5,0.88,0.57,0.9387499999999999
21,28,0,8,35.6,3,1.0,1.59,0.9566666666666666
21,28,0,8,9.0,3,1.01,1.77,0.9325
22,28,0,8,10.3,4,1.15,1.03,0.9066666666666666
22,28,0,8,31.3,5,1.02,1.01,0.90625
22,28,0,8,37.0,1,0.47,0.81,0.88375
23,28,0,8,9.2,4,1.48,0.71,0.9116666666666667
23,28,0,8,-2.3,4,1.32,1.47,0.9370833333333334
23,28,0,8,1.9,1,0.51,1.41,0.8970833333333333
23,28,0,8,-7.8,4,0.83,0.29,0.8729166666666668
0,29,1,8,-4.7,1,0.45,0.52,0.8795833333333333
1,29,1,8,27.5,4,1.62,0.48,0.9254166666666667
3,29,1,8,-2.6,1,1.53,0.22,0.9691666666666666
4,29,1,8,18.1,3,1.64,1.93,1.0283333333333333
4,29,1,8,31.5,1,1.41,1.3,1.0066666666666666
5,29,1,8,0.0,2,1.67,0.77,1.0220833333333332
6,29,1,8,29.5,1,1.89,1.0,1.0687499999999999
8,29,1,8,-9.0,3,0.89,1.02,1.0641666666666667
8,29,1,8,16.3,4,1.51,0.2,1.0845833333333335
9,29,1,8,-9.7,3,1.34,0.69,1.1320833333333333
10,29,1,8,6.0,3,1.59,1.95,1.1695833333333334
11,29,1,8,28.5,4,0.61,0.47,1.11375
12,29,1,8,15.3,5,0.93,0.44,1.1329166666666668
14,29,1,8,17.3,1,1.81,0.88,1.19
15,29,1,8,16.4,5,1.94,1.0,1.2341666666666666
16,29,1,8,-0.9,5,0.76,1.01,1.2241666666666668
16,29,1,8,31.2,5,0.67,1.15,1.21
17,29,1,8,21.5,2,0.48,1.02,1.1820833333333334
18,29,1,8,11.3,5,0.8,0.47,1.1729166666666668
18,29,1,8,20.8,4,1.14,1.48,1.2008333333333334
19,29,1,8,26.3,4,1.03,1.32,1.1820833333333332
21,29,1,8,16.0,2,0.37,0.51,1.1424999999999998
22,29,1,8,22.6,3,1.84,0.83,1.1979166666666667
23,29,1,8,31.3,4,0.9,0.45,1.2008333333333334
0,30,2,8,25.7,5,1.54,1.62,1.24625
1,30,2,8,-9.5,2,0.81,1.53,1.2125
1,30,2,8,6.9,2,1.3,1.64,1.2029166666666666
3,30,2,8,-1.2,4,1.82,1.41,1.2104166666666667
3,30,2,8,-8.6,1,0.99,1.67,1.1929166666666666
3,30,2,8,16.1,2,0.63,1.89,1.1495833333333334
7,30,2,8,15.7,2,1.93,0.89,1.15125
8,30,2,8,-9.5,2,1.83,1.51,1.1904166666666667
8,30,2,8,-5.7,2,0.32,1.34,1.1408333333333334
9,30,2,8,-6.1,3,0.98,1.59,1.1258333333333332
9,30,2,8,37.0,5,0.85,0.61,1.095
10,30,2,8,26.7,2,1.08,0.93,1.1145833333333333
11,30,2,8,28.4,4,0.39,1.81,1.0920833333333333
11,30,2,8,29.9,5,1.08,1.94,1.0616666666666668
12,30,2,8,33.8,4,1.11,0.76,1.0270833333333333
14,30,2,8,-5.4,4,0.75,0.67,1.0266666666666666
16,30,2,8,14.0,4,0.23,0.48,1.0083333333333333
18,30,2,8,35.2,5,1.4,0.8,1.0466666666666666
18,30,2,8,21.7,1,1.06,1.14,1.0574999999999999
22,30,2,8,33.0,5,0.98,1.03,1.0508333333333333
23,30,2,8,-2.5,1,0.22,0.37,1.0170833333333333
0,31,3,8,14.3,3,0.8,1.84,1.035
0,31,3,8,5.3,2,1.19,0.9,1.0079166666666668
1,31,3,8,-10.0,5,1.77,1.54,1.0441666666666667
1,31,3,8,6.1,3,1.3,0.81,1.0341666666666667
4,31,3,8,18.1,2,1.87,1.3,1.0783333333333334
6,31,3,8,10.1,3,1.95,1.82,1.1054166666666667
7,31,3,8,2.9,3,0.74,0.99,1.0604166666666666
9,31,3,8,24.8,1,0.23,0.63,1.02875
11,31,3,8,5.2,4,1.87,1.93,1.0804166666666666
12,31,3,8,-2.1,2,1.69,1.83,1.0704166666666666
13,31,3,8,34.1,1,1.47,0.32,1.0554166666666667
13,31,3,8,6.6,5,0.87,0.98,1.0783333333333334
13,31,3,8,39.2,1,0.88,0.85,1.0741666666666667
13,31,3,8,32.9,5,1.37,1.08,1.0958333333333332
16,31,3,8,26.3,2,1.62,0.39,1.1183333333333334
17,31,3,8,-8.4,4,1.45,1.08,1.1624999999999999
18,31,3,8,32.6,5,0.63,1.11,1.14375
19,31,3,8,26.0,5,1.45,0.75,1.1579166666666667
20,31,3,8,31.2,2,1.98,0.23,1.2091666666666667
20,31,3,8,33.3,2,1.14,1.4,1.2470833333333335
21,31,3,8,36.5,1,1.86,1.06,1.26625
22,31,3,8,17.1,2,0.41,0.98,1.2391666666666667
22,31,3,8,-2.7,2,0.95,0.22,1.2379166666666668
22,31,3,8,25.8,3,0.46,0.8,1.2479166666666668
23,31,3,8,38.8,5,1.68,1.19,1.2845833333333334
0,1,4,9,20.0,1,1.27,1.77,1.2879166666666666
1,1,4,9,5.6,1,1.08,1.3,1.2591666666666665
1,1,4,9,22.7,4,1.5,1.87,1.2674999999999998
1,1,4,9,-6.1,3,0.96,1.95,1.2295833333333333
2,1,4,9,16.8,5,1.52,0.74,1.2116666666666667
2,1,4,9,36.2,4,0.56,0.23,1.2041666666666668
4,1,4,9,-7.4,4,0.56,1.87,1.2179166666666668
5,1,4,9,-5.5,4,0.7,1.69,1.1691666666666667
5,1,4,9,30.9,5,1.32,1.47,1.15375
5,1,4,9,35.1,1,0.34,0.87,1.1066666666666667
5,1,4,9,8.1,2,1.14,0.88,1.1179166666666667
5,1,4,9,35.8,5,1.07,1.37,1.1258333333333332
6,1,4,9,22.9,3,1.38,1.62,1.12625
6,1,4,9,11.0,3,1.34,1.45,1.1145833333333333
6,1,4,9,22.0,4,0.37,0.63,1.0695833333333333
6,1,4,9,15.5,4,1.53,1.45,1.1070833333333334
7,1,4,9,20.0,5,1.04,1.98,1.09
8,1,4,9,8.4,5,0.54,1.14,1.03
10,1,4,9,21.0,1,1.01,1.86,1.0245833333333334
10,1,4,9,-2.4,1,1.92,0.41,1.0270833333333333
11,1,4,9,39.1,5,1.7,0.95,1.0808333333333333
12,1,4,9,32.8,5,1.22,0.46,1.0920833333333333
13,1,4,9,17.1,3,0.69,1.68,1.1016666666666666
14,1,4,9,15.6,3,0.91,1.27,1.0695833333333333
14,1,4,9,-9.7,2,0.71,1.08,1.04625
15,1,4,9,25.7,1,1.08,1.5,1.04625
16,1,4,9,27.8,3,0.84,0.96,1.01875
16,1,4,9,22.5,5,1.42,1.52,1.0379166666666666
17,1,4,9,22.4,4,0.48,0.56,0.9945833333333334
18,1,4,9,37.0,4,1.67,0.56,1.0408333333333333
18,1,4,9,16.9,4,1.33,0.7,1.0729166666666667
18,1,4,9,20.2,1,0.37,1.32,1.0591666666666668
19,1,4,9,-9.2,3,0.63,0.34,1.0304166666666668
22,1,4,9,7.9,4,0.61,1.14,1.0416666666666667
22,1,4,9,-1.5,3,0.95,1.07,1.03375
22,1,4,9,-6.2,3,0.47,1.38,1.00875
0,2,5,9,31.6,4,1.95,1.34,1.0325
1,2,5,9,33.4,5,1.9,0.37,1.0558333333333334
1,2,5,9,15.5,4,1.98,1.53,1.1229166666666666
4,2,5,9,25.2,4,1.82,1.04,1.135
4,2,5,9,20.0,2,1.56,0.54,1.1566666666666665
5,2,5,9,-2.5,1,1.84,1.01,1.2108333333333332
6,2,5,9,-2.1,1,1.55,1.92,1.2333333333333332
6,2,5,9,2.2,4,0.97,1.7,1.1937499999999999
9,2,5,9,15.0,1,0.8,1.22,1.15625
10,2,5,9,1.7,2,0.47,0.69,1.125
11,2,5,9,20.4,3,0.67,0.91,1.1241666666666668
14,2,5,9,27.1,1,0.3,0.71,1.0987500000000001
16,2,5,9,-8.4,5,0.31,1.08,1.0820833333333333
17,2,5,9,13.8,2,1.4,0.84,1.0954166666666667
18,2,5,9,12.3,3,0.29,1.42,1.0725
19,2,5,9,33.4,3,0.99,0.48,1.0545833333333332
19,2,5,9,19.1,4,1.54,1.67,1.0987500000000001
21,2,5,9,-2.0,4,0.25,1.33,1.0395833333333335
0,3,6,9,27.8,1,1.44,0.37,1.0441666666666667
2,3,6,9,30.2,2,0.69,0.63,1.0574999999999999
2,3,6,9,28.0,2,0.79,0.61,1.0641666666666667
3,3,6,9,-4.6,4,0.28,0.95,1.0504166666666668
4,3,6,9,17.2,2,1.71,0.47,1.0820833333333335
5,3,6,9,23.0,3,0.65,1.95,1.0895833333333333
7,3,6,9,1.7,4,0.71,1.9,1.0379166666666666
9,3,6,9,1.7,4,1.96,1.98,1.0404166666666665
9,3,6,9,27.8,2,0.27,1.82,0.9691666666666667
10,3,6,9,38.9,4,0.58,1.56,0.9175
11,3,6,9,-6.5,5,1.86,1.84,0.93
12,3,6,9,29.7,1,1.18,1.55,0.9025
12,3,6,9,31.8,1,0.97,0.97,0.8783333333333334
13,3,6,9,11.4,2,1.54,0.8,0.9020833333333332
14,3,6,9,-9.2,5,1.54,0.47,0.9329166666666667
14,3,6,9,-3.7,1,1.03,0.67,0.9562499999999999
16,3,6,9,6.9,3,1.33,0.3,0.98375
16,3,6,9,1.8,1,1.55,0.31,1.0358333333333334
16,3,6,9,-6.5,4,1.72,1.4,1.0945833333333332
17,3,6,9,20.8,5,1.23,0.29,1.0875
17,3,6,9,-6.3,2,1.54,0.99,1.1395833333333334
17,3,6,9,26.8,1,0.75,1.54,1.1295833333333334
18,3,6,9,36.2,1,1.15,0.25,1.1133333333333333
18,3,6,9,32.7,3,1.93,1.44,1.1833333333333333
20,3,6,9,23.1,4,1.13,0.69,1.1704166666666667
21,3,6,9,27.4,3,1.9,0.79,1.2208333333333334
22,3,6,9,22.5,2,1.85,0.28,1.265
22,3,6,9,-10.0,2,1.23,1.71,1.3045833333333332
0,4,0,9,15.4,5,1.73,0.65,1.3054166666666667
3,4,0,9,11.2,3,0.93,0.71,1.3170833333333334
4,4,0,9,37.4,3,1.77,1.96,1.36125
5,4,0,9,4.9,3,0.82,0.27,1.31375
7,4,0,9,17.5,3,0.35,0.58,1.3170833333333334
7,4,0,9,11.4,4,1.51,1.86,1.3558333333333332
8,4,0,9,29.3,3,0.88,1.18,1.3150000000000002
8,4,0,9,27.6,5,1.66,0.97,1.335
8,4,0,9,22.4,2,1.52,1.54,1.3579166666666664
8,4,0,9,4.2,1,1.62,1.54,1.36125
9,4,0,9,4.8,4,0.75,1.03,1.3283333333333334
9,4,0,9,38.8,3,1.33,1.33,1.3408333333333333
11,4,0,9,26.3,5,1.64,1.55,1.35375
11,4,0,9,29.8,3,1.24,1.72,1.3408333333333333
12,4,0,9,8.3,1,0.87,1.23,1.3054166666666667
12,4,0,9,9.9,2,1.81,1.54,1.3295833333333333
14,4,0,9,8.7,3,1.5,0.75,1.3279166666666666
15,4,0,9,1.7,1,0.72,1.15,1.3266666666666667
16,4,0,9,31.5,1,1.75,1.93,1.3516666666666666
17,4,0,9,0.0,3,0.8,1.13,1.3045833333333332
19,4,0,9,24.3,4,0.65,1.9,1.2845833333333334
20,4,0,9,38.5,4,1.14,1.85,1.2529166666666667
21,4,0,9,34.6,2,1.09,1.23,1.2212500000000002
22,4,0,9,-0.6,3,1.76,1.73,1.2433333333333334
23,4,0,9,8.1,1,1.36,0.93,1.2279166666666665
0,5,1,9,30.4,5,1.26,1.77,1.2416666666666667
0,5,1,9,-5.6,4,1.04,0.82,1.21125
1,5,1,9,27.2,1,1.15,0.35,1.225
2,5,1,9,20.9,4,0.47,1.51,1.23
3,5,1,9,23.4,1,0.49,0.88,1.1875
4,5,1,9,35.2,3,1.57,1.66,1.2162499999999998
4,5,1,9,15.7,5,0.86,1.52,1.1829166666666666
5,5,1,9,31.9,1,0.92,1.62,1.1579166666666667
7,5,1,9,14.6,1,1.9,0.75,1.1695833333333334
7,5,1,9,3.7,5,0.24,1.33,1.1483333333333334
7,5,1,9,-4.3,4,0.33,1.64,1.1066666666666667
8,5,1,9,7.2,1,1.67,1.24,1.1079166666666667
11,5,1,9,2.3,5,0.66,0.87,1.08375
11,5,1,9,13.2,4,0.57,1.81,1.07125
12,5,1,9,15.1,4,1.14,1.5,1.0433333333333332
12,5,1,9,-4.2,5,1.48,0.72,1.0425
14,5,1,9,3.0,3,0.71,1.75,1.0420833333333333
16,5,1,9,24.6,5,1.59,0.8,1.0354166666666667
18,5,1,9,31.7,1,0.57,0.65,1.0258333333333334
20,5,1,9,24.8,2,0.25,1.14,1.0091666666666665
21,5,1,9,8.5,3,0.56,1.09,0.9849999999999999
22,5,1,9,15.8,3,0.99,1.76,0.9808333333333333
22,5,1,9,20.6,4,0.67,1.36,0.9354166666666667
23,5,1,9,33.3,4,0.22,1.26,0.8879166666666668
23,5,1,9,11.6,4,1.2,1.04,0.8854166666666666
0,6,2,9,35.3,1,0.76,1.15,0.8737499999999999
0,6,2,9,20.0,4,1.93,0.47,0.90625
3,6,2,9,20.3,1,1.93,0.49,0.9670833333333334
6,6,2,9,29.7,5,2.0,1.57,1.03
6,6,2,9,23.9,3,0.67,0.86,0.9925
7,6,2,9,39.8,1,1.61,0.92,1.02375
10,6,2,9,-8.8,1,0.77,1.9,1.0175
10,6,2,9,17.6,3,1.45,0.24,0.9987500000000001
11,6,2,9,26.0,1,0.55,0.33,1.0116666666666667
11,6,2,9,-4.0,4,0.58,1.67,1.0220833333333335
12,6,2,9,37.1,1,0.78,0.66,0.985
13,6,2,9,27.9,2,0.8,0.57,0.9908333333333332
14,6,2,9,9.5,1,1.02,1.14,1.0095833333333333
14,6,2,9,22.7,4,1.79,1.48,1.0366666666666668
15,6,2,9,10.7,2,1.51,0.71,1.0379166666666666
17,6,2,9,34.6,1,0.7,1.59,1.0375
18,6,2,9,29.9,2,1.37,0.57,1.0283333333333333
19,6,2,9,0.3,3,0.44,0.25,1.0229166666666667
20,6,2,9,13.7,3,1.28,0.56,1.0658333333333334
21,6,2,9,15.2,3,0.75,0.99,1.0737500000000002
22,6,2,9,36.3,2,1.73,0.67,1.1045833333333335
0,7,3,9,-6.8,1,0.87,0.22,1.1129166666666668
1,7,3,9,-7.5,1,1.6,1.2,1.1704166666666667
1,7,3,9,-1.0,3,1.11,0.76,1.1666666666666667
2,7,3,9,15.3,1,1.02,1.93,1.1775
5,7,3,9,-1.2,4,0.73,1.93,1.1275
5,7,3,9,1.9,4,1.99,2.0,1.13
9,7,3,9,-8.8,4,1.08,0.67,1.0916666666666666
12,7,3,9,3.7,1,1.43,1.61,1.1233333333333333
15,7,3,9,-3.5,2,1.92,0.77,1.1362500000000002
15,7,3,9,34.7,4,0.41,1.45,1.12125
16,7,3,9,-6.4,4,0.98,0.55,1.1016666666666666
16,7,3,9,-2.2,1,1.45,0.58,1.1391666666666669
19,7,3,9,8.3,3,1.61,0.78,1.1820833333333334
20,7,3,9,17.0,1,0.45,0.8,1.1683333333333332
21,7,3,9,37.9,1,0.97,1.02,1.1754166666666668
22,7,3,9,2.1,3,1.48,1.79,1.1945833333333333
23,7,3,9,-6.0,3,1.68,1.51,1.19
3,8,4,9,28.3,4,0.93,0.7,1.1658333333333333
3,8,4,9,0.6,5,0.43,1.37,1.1545833333333333
4,8,4,9,-0.7,4,0.29,0.44,1.1095833333333334
4,8,4,9,22.0,5,1.86,1.28,1.16875
7,8,4,9,17.9,5,1.19,0.75,1.1649999999999998
7,8,4,9,-4.2,4,0.53,1.73,1.1558333333333333
8,8,4,9,21.5,2,1.94,0.87,1.1645833333333333
8,8,4,9,-10.0,3,1.12,1.6,1.175
10,8,4,9,19.7,2,1.42,1.11,1.1675
11,8,4,9,16.5,2,1.79,1.02,1.1958333333333333
12,8,4,9,38.8,1,1.51,0.73,1.21625
13,8,4,9,-9.6,2,0.74,1.99,1.2166666666666666
13,8,4,9,1.1,2,0.36,1.08,1.14875
14,8,4,9,7.2,1,0.86,1.43,1.1395833333333334
15,8,4,9,38.7,4,1.8,1.92,1.155
15,8,4,9,23.5,2,1.16,0.41,1.1233333333333333
16,8,4,9,13.7,5,1.34,0.98,1.1620833333333331
18,8,4,9,16.1,4,0.25,1.45,1.1316666666666666
18,8,4,9,13.1,2,0.53,1.61,1.0933333333333333
22,8,4,9,35.9,1,0.47,0.45,1.0458333333333332
22,8,4,9,23.0,1,0.98,0.97,1.0679166666666666
0,9,5,9,16.8,4,0.84,1.48,1.0625
2,9,5,9,2.1,3,1.87,1.68,1.07875
2,9,5,9,-5.8,2,0.66,0.93,1.0362500000000001
2,9,5,9,29.0,1,0.59,0.43,1.0220833333333335
2,9,5,9,0.8,3,0.42,0.29,1.0216666666666667
2,9,5,9,-6.7,5,1.49,1.86,1.0716666666666665
2,9,5,9,-8.4,1,0.78,1.19,1.0266666666666666
3,9,5,9,-3.9,4,1.53,0.53,1.0408333333333333
4,9,5,9,36.6,3,1.61,1.94,1.0858333333333334
5,9,5,9,28.4,5,1.5,1.12,1.0675
6,9,5,9,-6.1,4,1.99,1.42,1.10375
6,9,5,9,38.9,4,0.47,1.79,1.0641666666666667
6,9,5,9,5.9,1,0.75,1.51,1.0208333333333333
7,9,5,9,23.5,5,0.72,0.74,0.9879166666666667
10,9,5,9,16.2,5,0.89,0.36,0.9941666666666666
10,9,5,9,10.7,2,1.79,0.86,1.0537500000000002
11,9,5,9,8.3,2,0.57,1.8,1.0416666666666667
13,9,5,9,4.5,3,1.54,1.16,1.0308333333333335
16,9,5,9,32.4,1,0.81,1.34,1.01625
17,9,5,9,-8.9,1,1.38,0.25,1.0179166666666666
19,9,5,9,37.2,3,0.3,0.53,1.02
19,9,5,9,-5.9,5,1.91,0.47,1.0775
20,9,5,9,9.9,3,0.47,0.98,1.0775
20,9,5,9,12.3,1,0.23,0.84,1.04625
20,9,5,9,28.8,4,1.84,1.87,1.0879166666666666
21,9,5,9,-5.2,1,1.53,0.66,1.07375
22,9,5,9,5.8,1,1.76,0.59,1.1195833333333334
22,9,5,9,36.3,3,1.85,0.42,1.1720833333333334
22,9,5,9,8.7,4,1.83,1.49,1.2308333333333332
23,9,5,9,-0.3,1,0.97,0.78,1.2091666666666667
0,10,6,9,18.4,4,0.55,1.53,1.1995833333333332
0,10,6,9,-6.1,2,0.94,1.61,1.175
2,10,6,9,-1.1,4,1.91,1.5,1.1875
3,10,6,9,0.3,4,1.52,1.99,1.1883333333333335
3,10,6,9,-0.6,4,1.08,0.47,1.1504166666666666
3,10,6,9,30.9,3,0.38,0.75,1.1466666666666667
4,10,6,9,13.9,5,1.67,0.72,1.185
4,10,6,9,-2.7,2,1.09,0.89,1.2004166666666667
5,10,6,9,11.0,3,1.29,1.79,1.2170833333333333
5,10,6,9,18.0,1,1.14,0.57,1.19
6,10,6,9,15.1,4,0.41,1.54,1.1833333333333333
8,10,6,9,5.2,2,1.61,0.81,1.18625
10,10,6,9,15.8,3,1.38,1.38,1.21
10,10,6,9,26.2,2,0.64,0.3,1.1791666666666667
10,10,6,9,13.5,3,1.69,1.91,1.2370833333333333
10,10,6,9,0.8,1,0.59,0.47,1.1820833333333334
11,10,6,9,16.1,5,0.48,0.23,1.1825
11,10,6,9,22.5,1,1.58,1.84,1.23875
12,10,6,9,34.8,5,0.74,1.53,1.1929166666666668
12,10,6,9,-2.7,3,1.41,1.76,1.1879166666666667
13,10,6,9,5.4,4,0.9,1.85,1.1520833333333333
13,10,6,9,5.7,1,0.95,1.83,1.1145833333333333
14,10,6,9,31.0,5,1.42,0.97,1.0975
14,10,6,9,20.2,4,0.62,0.55,1.0829166666666665
15,10,6,9,11.4,4,1.84,0.94,1.1366666666666667
15,10,6,9,17.0,2,1.0,1.91,1.1391666666666669
15,10,6,9,20.2,4,1.87,1.52,1.1375
17,10,6,9,-6.1,2,0.74,1.08,1.105
17,10,6,9,0.7,2,1.09,0.38,1.1054166666666667
18,10,6,9,9.6,5,0.2,1.67,1.0979166666666667
20,10,6,9,13.4,2,1.42,1.09,1.0875
21,10,6,9,16.2,2,1.59,1.29,1.1083333333333334
0,11,0,9,28.4,4,1.44,1.14,1.1145833333333333
2,11,0,9,-0.5,5,0.6,0.41,1.0920833333333333
3,11,0,9,7.5,1,0.37,1.61,1.0904166666666666
3,11,0,9,25.9,3,0.52,1.38,1.0450000000000002
3,11,0,9,18.8,5,1.33,0.64,1.0429166666666667
4,11,0,9,31.0,2,1.01,1.69,1.0583333333333333
4,11,0,9,-6.8,4,1.52,0.59,1.05125
4,11,0,9,8.8,3,0.67,0.48,1.0545833333333332
5,11,0,9,24.0,1,1.14,1.58,1.0820833333333333
5,11,0,9,29.0,3,1.21,0.74,1.0666666666666667
5,11,0,9,-8.8,3,0.64,1.41,1.0625
6,11,0,9,12.4,1,1.99,0.9,1.0866666666666667
6,11,0,9,37.0,4,0.32,0.95,1.0625
6,11,0,9,11.9,2,0.6,1.42,1.0479166666666668
7,11,0,9,39.3,1,1.09,0.62,1.0341666666666667
7,11,0,9,29.6,2,0.77,1.84,1.0404166666666668
8,11,0,9,-2.2,5,0.75,1.0,0.9950000000000001
10,11,0,9,0.0,1,0.21,1.87,0.9620833333333335
11,11,0,9,29.1,4,1.2,0.74,0.9341666666666667
14,11,0,9,21.4,4,0.39,1.09,0.9195833333333333
14,11,0,9,28.4,3,1.4,0.2,0.9325
16,11,0,9,18.6,1,1.57,1.42,0.9895833333333334
18,11,0,9,37.1,2,0.95,1.59,0.9700000000000001
18,11,0,9,-1.8,5,0.38,1.44,0.9195833333333332
18,11,0,9,32.2,2,0.66,0.6,0.8870833333333333
19,11,0,9,-4.9,2,1.9,0.37,0.94125
19,11,0,9,34.0,2,0.78,0.52,0.9583333333333334
20,11,0,9,23.3,2,1.91,1.33,1.0162499999999999
21,11,0,9,24.7,1,1.98,1.01,1.0433333333333332
21,11,0,9,-3.0,3,1.31,1.52,1.0558333333333334
0,12,1,9,4.3,4,1.83,0.67,1.0687499999999999
1,12,1,9,33.6,5,0.89,1.14,1.0779166666666666
1,12,1,9,13.1,3,0.33,1.21,1.0441666666666667
2,12,1,9,39.1,2,0.88,0.64,1.0304166666666668
3,12,1,9,5.6,2,1.26,1.99,1.05625
3,12,1,9,-1.6,3,1.93,0.32,1.05375
3,12,1,9,22.0,1,1.49,0.6,1.1025
5,12,1,9,6.9,5,0.8,1.09,1.1108333333333333
5,12,1,9,-5.8,2,1.94,0.77,1.14625
5,12,1,9,27.4,1,1.63,0.75,1.1820833333333332
5,12,1,9,20.9,3,0.74,0.21,1.1816666666666666
6,12,1,9,1.1,2,0.81,1.2,1.2066666666666666
6,12,1,9,12.2,4,0.88,0.39,1.1933333333333334
6,12,1,9,-8.2,4,0.71,1.4,1.2066666666666666
7,12,1,9,8.1,5,1.22,1.57,1.1991666666666667
8,12,1,9,15.0,2,0.95,0.95,1.1733333333333333
8,12,1,9,6.6,4,1.76,0.38,1.2070833333333333
9,12,1,9,33.8,4,0.7,0.66,1.2204166666666667
9,12,1,9,27.3,4,0.89,1.9,1.23
10,12,1,9,20.6,5,1.95,0.78,1.2320833333333334
10,12,1,9,-4.2,2,1.28,1.91,1.2529166666666667
11,12,1,9,-1.9,2,1.15,1.98,1.2212500000000002
15,12,1,9,37.5,2,1.61,1.31,1.2058333333333333
17,12,1,9,-1.8,1,0.26,1.83,1.1620833333333331
17,12,1,9,-0.8,5,1.78,0.89,1.16
19,12,1,9,35.4,1,1.2,0.33,1.1729166666666666
21,12,1,9,11.3,2,1.06,0.88,1.2033333333333334
22,12,1,9,-8.9,4,1.37,1.26,1.22375
23,12,1,9,-5.8,1,1.02,1.93,1.21375
23,12,1,9,31.7,3,0.66,1.49,1.1608333333333334
0,13,2,9,37.8,4,1.78,0.8,1.1729166666666666
0,13,2,9,31.1,2,0.52,1.94,1.16125
2,13,2,9,30.9,2,2.0,1.63,1.16375
3,13,2,9,12.7,2,0.3,0.74,1.1083333333333332
3,13,2,9,24.0,4,1.6,0.81,1.1441666666666668
4,13,2,9,4.8,3,1.07,0.88,1.155
5,13,2,9,35.0,2,1.67,0.71,1.1879166666666665
5,13,2,9,8.7,1,1.81,1.22,1.2337500000000001
5,13,2,9,-9.2,5,0.4,0.95,1.1995833333333332
5,13,2,9,2.0,5,1.2,1.76,1.21
6,13,2,9,11.8,1,0.47,0.7,1.1562500000000002
7,13,2,9,11.5,5,1.58,0.89,1.1929166666666666
8,13,2,9,-9.2,4,0.49,1.95,1.1762500000000002
9,13,2,9,8.1,2,0.28,1.28,1.1066666666666667
9,13,2,9,20.3,2,0.72,1.15,1.0833333333333333
11,13,2,9,17.5,2,0.92,1.61,1.07375
12,13,2,9,34.3,3,0.41,0.26,1.02375
15,13,2,9,31.6,3,1.15,1.78,1.0608333333333333
15,13,2,9,6.4,4,1.29,1.2,1.0404166666666668
15,13,2,9,36.7,2,0.55,1.06,1.0133333333333334
16,13,2,9,-8.3,2,0.35,1.37,0.98375
16,13,2,9,-7.0,2,1.15,1.02,0.9745833333333334
16,13,2,9,10.3,3,1.18,0.66,0.9812499999999998
17,13,2,9,22.4,4,1.19,1.78,1.0033333333333332
17,13,2,9,-7.4,3,0.48,0.52,0.9491666666666667
18,13,2,9,12.1,2,0.42,2.0,0.945
19,13,2,9,14.2,3,0.22,0.3,0.8708333333333335
19,13,2,9,-2.4,2,0.4,1.6,0.875
20,13,2,9,36.5,1,0.81,1.07,0.8420833333333334
22,13,2,9,-8.8,5,0.68,1.67,0.8258333333333333
0,14,3,9,7.8,4,0.86,1.81,0.7920833333333334
0,14,3,9,18.2,1,0.35,0.4,0.7312499999999998
2,14,3,9,6.7,5,0.79,1.2,0.7475
2,14,3,9,-8.7,1,0.61,0.47,0.7229166666666668
2,14,3,9,29.4,1,1.88,1.58,0.7816666666666666
3,14,3,9,11.7,4,0.51,0.49,0.7370833333333334
3,14,3,9,-4.1,3,0.88,0.28,0.7533333333333334
3,14,3,9,23.8,2,1.03,0.72,0.7845833333333334
4,14,3,9,14.1,4,1.95,0.92,0.8358333333333333
4,14,3,9,14.6,5,0.22,0.41,0.8066666666666666
5,14,3,9,-3.7,2,1.52,1.15,0.8529166666666667
5,14,3,9,11.8,5,1.72,1.29,0.8766666666666668
6,14,3,9,-8.5,3,1.95,0.55,0.9041666666666667
7,14,3,9,-6.4,4,0.99,0.35,0.9225
7,14,3,9,36.0,1,1.19,1.15,0.9575
8,14,3,9,36.0,5,0.31,1.18,0.9225
8,14,3,9,37.1,3,1.31,1.19,0.9279166666666668
8,14,3,9,-9.5,2,0.64,0.48,0.9049999999999999
8,14,3,9,0.5,2,0.4,0.42,0.9016666666666667
8,14,3,9,25.8,3,2.0,0.22,0.9675000000000001
9,14,3,9,26.0,5,1.28,0.4,1.0116666666666667
10,14,3,9,-1.6,5,1.06,0.81,1.0391666666666668
10,14,3,9,36.1,2,1.87,0.68,1.0833333333333333
10,14,3,9,30.6,1,1.23,0.86,1.10625
11,14,3,9,24.6,5,1.01,0.35,1.1125
11,14,3,9,29.0,4,1.49,0.79,1.1600000000000001
12,14,3,9,37.4,3,0.23,0.61,1.1366666666666665
13,14,3,9,1.9,3,0.41,1.88,1.1283333333333332
15,14,3,9,36.8,4,1.1,0.51,1.0958333333333334
17,14,3,9,17.7,1,1.42,0.88,1.13375
17,14,3,9,18.0,3,1.77,1.03,1.1708333333333334
18,14,3,9,16.9,4,1.12,1.95,1.1745833333333333
19,14,3,9,38.3,1,1.16,0.22,1.1416666666666666
19,14,3,9,27.0,4,1.22,1.52,1.1833333333333333
19,14,3,9,11.4,4,0.44,1.72,1.1383333333333334
20,14,3,9,23.1,2,0.67,1.95,1.0945833333333332
20,14,3,9,21.5,2,1.72,0.99,1.085
22,14,3,9,28.7,5,1.76,1.19,1.1170833333333334
0,15,4,9,24.2,3,1.71,0.31,1.13875
0,15,4,9,33.3,5,0.52,1.31,1.1475000000000002
1,15,4,9,37.9,4,1.11,0.64,1.1391666666666667
2,15,4,9,33.6,1,1.5,0.4,1.175
3,15,4,9,10.6,3,0.83,2.0,1.1929166666666666
3,15,4,9,9.7,1,0.61,1.28,1.135
5,15,4,9,38.9,2,1.28,1.06,1.135
5,15,4,9,37.0,1,0.47,1.87,1.1104166666666666
6,15,4,9,7.6,2,1.74,1.23,1.105
6,15,4,9,3.7,1,0.84,1.01,1.0887499999999999
8,15,4,9,30.7,4,1.15,1.49,1.0945833333333332
9,15,4,9,30.1,5,1.36,0.23,1.0891666666666666
11,15,4,9,29.4,3,1.96,0.41,1.1612500000000001
12,15,4,9,11.3,4,1.25,1.1,1.19625
13,15,4,9,18.8,4,0.55,1.42,1.1733333333333333
13,15,4,9,37.3,1,1.53,1.77,1.1779166666666667
16,15,4,9,-9.6,2,0.24,1.12,1.1141666666666665
16,15,4,9,12.3,5,1.85,1.16,1.1445833333333335
17,15,4,9,18.3,2,1.8,1.22,1.1712500000000001
18,15,4,9,15.6,2,0.36,0.44,1.1354166666666667
18,15,4,9,27.1,2,0.46,0.67,1.13625
20,15,4,9,18.6,1,0.88,1.72,1.145
20,15,4,9,37.7,4,0.87,1.76,1.1095833333333334
21,15,4,9,-4.6,2,0.59,1.71,1.0608333333333333
22,15,4,9,19.1,5,0.54,0.52,1.0120833333333334
22,15,4,9,11.5,2,1.35,1.11,1.0466666666666666
0,16,5,9,20.8,5,0.76,1.5,1.0320833333333332
1,16,5,9,28.1,3,1.89,0.83,1.0483333333333333
2,16,5,9,33.4,1,0.62,0.61,1.0395833333333333
2,16,5,9,23.3,3,1.84,1.28,1.0908333333333333
6,16,5,9,5.9,4,1.7,0.47,1.1083333333333334
7,16,5,9,-0.4,1,1.11,1.74,1.135
7,16,5,9,8.4,4,1.79,0.84,1.1370833333333332
8,16,5,9,-1.6,3,1.67,1.15,1.1716666666666666
9,16,5,9,25.7,3,1.65,1.36,1.1925000000000001
10,16,5,9,15.8,2,0.73,1.96,1.16625
11,16,5,9,33.7,2,0.35,1.25,1.0991666666666666
11,16,5,9,39.7,4,0.43,0.55,1.0650000000000002
13,16,5,9,29.6,4,0.27,1.53,1.0533333333333335
14,16,5,9,31.4,2,1.84,0.24,1.06625
15,16,5,9,16.9,5,0.56,1.85,1.0795833333333333
15,16,5,9,-3.0,2,0.63,1.8,1.0287499999999998
15,16,5,9,5.2,5,1.1,0.36,0.9995833333333333
16,16,5,9,32.2,5,0.66,0.46,1.0120833333333332
17,16,5,9,-4.3,5,1.1,0.88,1.03875
18,16,5,9,6.2,4,0.9,0.87,1.0395833333333333
19,16,5,9,16.5,5,1.28,0.59,1.0566666666666669
20,16,5,9,22.1,2,1.66,0.54,1.10125
20,16,5,9,29.6,3,1.37,1.35,1.1358333333333333
21,16,5,9,3.2,5,1.38,0.76,1.1370833333333334
21,16,5,9,13.9,3,0.79,1.89,1.1383333333333334
23,16,5,9,22.3,3,1.81,0.62,1.135
23,16,5,9,10.1,3,0.77,1.84,1.14125
0,17,6,9,-0.5,4,1.74,1.7,1.1370833333333332
1,17,6,9,30.3,1,0.65,1.11,1.0933333333333333
1,17,6,9,40.0,5,0.43,1.79,1.065
1,17,6,9,-2.9,4,1.88,1.67,1.06875
2,17,6,9,38.3,3,1.52,1.65,1.0625
2,17,6,9,11.3,5,1.1,0.73,1.0395833333333333
4,17,6,9,-3.9,2,1.49,0.35,1.07125
4,17,6,9,19.9,3,1.49,0.43,1.1187500000000001
5,17,6,9,23.4,1,0.41,0.27,1.1179166666666667
6,17,6,9,-5.4,1,0.59,1.84,1.1312499999999999
6,17,6,9,8.0,1,1.17,0.56,1.1033333333333333
7,17,6,9,1.7,4,1.32,0.63,1.135
10,17,6,9,-5.9,4,0.44,1.1,1.1270833333333334
11,17,6,9,7.6,4,1.65,0.66,1.1500000000000001
13,17,6,9,31.8,2,0.52,1.1,1.1441666666666668
14,17,6,9,20.9,5,1.35,0.9,1.1545833333333333
15,17,6,9,3.8,3,1.37,1.28,1.1741666666666666
15,17,6,9,-5.6,2,1.14,1.66,1.1683333333333332
15,17,6,9,13.2,5,1.19,1.37,1.14875
17,17,6,9,29.0,4,1.97,1.38,1.17375
18,17,6,9,-0.6,4,0.77,0.79,1.1483333333333332
19,17,6,9,16.7,5,1.54,1.81,1.1795833333333332
20,17,6,9,35.1,3,0.84,0.77,1.1391666666666667
20,17,6,9,3.5,3,1.69,1.74,1.1775
20,17,6,9,22.7,1,0.48,0.65,1.125
23,17,6,9,19.4,4,0.56,0.43,1.12125
1,18,0,9,1.7,4,1.58,1.88,1.1691666666666667
1,18,0,9,2.9,2,0.89,1.52,1.1279166666666667
2,18,0,9,3.9,1,0.53,1.1,1.0866666666666667
3,18,0,9,9.4,5,0.48,1.49,1.0608333333333333
3,18,0,9,-5.8,3,0.71,1.49,1.0283333333333333
4,18,0,9,35.2,3,1.03,0.41,1.0091666666666668
4,18,0,9,33.5,1,1.71,0.59,1.0633333333333332
4,18,0,9,8.4,1,1.77,1.17,1.1125
4,18,0,9,16.9,5,1.2,1.32,1.11375
5,18,0,9,31.8,2,0.69,0.44,1.0875
7,18,0,9,-6.2,2,1.61,1.65,1.1362500000000002
7,18,0,9,18.8,1,1.02,0.52,1.11
10,18,0,9,-4.8,5,0.35,1.35,1.1029166666666665
10,18,0,9,34.3,5,1.58,1.37,1.1125
11,18,0,9,8.3,4,1.8,1.14,1.1304166666666668
12,18,0,9,34.3,3,0.27,1.19,1.0941666666666667
12,18,0,9,-2.6,5,1.74,1.97,1.1170833333333332
14,18,0,9,30.3,2,0.73,0.77,1.0654166666666667
15,18,0,9,27.5,4,1.79,1.54,1.1079166666666667
15,18,0,9,17.9,3,0.55,0.84,1.0666666666666667
17,18,0,9,19.8,4,0.21,1.69,1.0404166666666668
18,18,0,9,18.3,5,0.34,0.48,0.9841666666666667
19,18,0,9,-7.3,3,1.88,0.56,1.0425
19,18,0,9,4.0,2,0.52,1.58,1.0408333333333333
21,18,0,9,32.6,5,0.49,0.89,0.9954166666666667
21,18,0,9,20.6,3,1.03,0.53,1.00125
23,18,0,9,25.5,4,1.24,0.48,1.0308333333333335
23,18,0,9,5.6,4,1.77,0.71,1.0845833333333335
0,19,1,9,22.2,2,0.77,1.03,1.0870833333333334
3,19,1,9,26.7,3,0.38,1.71,1.0599999999999998
3,19,1,9,28.8,3,1.35,1.77,1.0450000000000002
4,19,1,9,14.3,1,1.48,1.2,1.0329166666666667
4,19,1,9,32.6,2,1.12,0.69,1.0295833333333333
4,19,1,9,-0.8,5,0.6,1.61,1.0258333333333334
6,19,1,9,-3.7,2,0.25,1.02,0.9691666666666666
6,19,1,9,2.2,3,0.55,0.35,0.9495833333333333
7,19,1,9,-5.5,5,1.27,1.58,0.9879166666666667
8,19,1,9,6.0,5,1.8,1.8,0.9970833333333333
10,19,1,9,-8.2,4,0.22,0.27,0.9312499999999999
11,19,1,9,6.7,3,0.59,1.74,0.9445833333333332
11,19,1,9,35.3,5,1.0,0.73,0.91375
12,19,1,9,38.9,5,0.25,1.79,0.8937499999999999
13,19,1,9,23.3,1,0.74,0.55,0.8500000000000001
16,19,1,9,1.1,1,1.95,0.21,0.9083333333333333
16,19,1,9,9.7,1,0.21,0.34,0.9083333333333333
17,19,1,9,16.1,2,1.7,1.88,0.965
17,19,1,9,-8.6,3,1.42,0.52,0.9458333333333333
19,19,1,9,5.3,3,0.46,0.49,0.9433333333333334
20,19,1,9,-5.7,4,1.56,1.03,0.9879166666666666
20,19,1,9,4.8,1,0.31,1.24,0.9579166666666667
20,19,1,9,1.9,2,0.71,1.77,0.9358333333333334
0,20,2,9,22.6,1,0.79,0.77,0.895
0,20,2,9,33.9,2,1.48,0.38,0.9245833333333334
0,20,2,9,34.7,5,1.51,1.35,0.9716666666666667
0,20,2,9,37.9,2,0.59,1.48,0.94
1,20,2,9,6.1,1,0.22,1.12,0.8875000000000001
1,20,2,9,-9.5,2,1.04,0.6,0.8841666666666667
3,20,2,9,11.6,2,1.65,0.25,0.9279166666666666
3,20,2,9,23.9,1,1.9,0.55,0.9966666666666667
4,20,2,9,39.7,4,1.79,1.27,1.0483333333333333
5,20,2,9,34.0,2,1.97,1.8,1.0775
5,20,2,9,5.5,5,0.5,0.22,1.0233333333333332
6,20,2,9,20.8,5,1.42,0.59,1.0733333333333335
7,20,2,9,16.8,2,1.02,1.0,1.09125
7,20,2,9,32.0,2,0.99,0.25,1.0908333333333333
7,20,2,9,-4.7,2,0.5,0.74,1.10125
8,20,2,9,14.4,1,0.82,1.95,1.1045833333333333
8,20,2,9,31.4,4,1.68,0.21,1.0933333333333333
8,20,2,9,30.1,4,1.56,1.7,1.1495833333333334
9,20,2,9,25.9,3,1.5,1.42,1.14125
10,20,2,9,25.0,1,1.13,0.46,1.1291666666666667
11,20,2,9,10.2,3,1.8,1.56,1.185
11,20,2,9,11.5,3,1.96,0.31,1.2016666666666667
12,20,2,9,17.9,5,1.83,0.71,1.265
15,20,2,9,15.5,2,1.35,0.79,1.2916666666666667
16,20,2,9,-2.7,4,0.35,1.48,1.2733333333333332
18,20,2,9,5.0,3,1.93,1.51,1.2920833333333333
18,20,2,9,28.3,2,0.41,0.59,1.24625
19,20,2,9,10.4,4,0.5,0.22,1.2425
20,20,2,9,21.0,3,0.52,1.04,1.255
21,20,2,9,12.5,5,1.21,1.65,1.2620833333333332
23,20,2,9,4.1,3,1.73,1.9,1.2654166666666666
0,21,3,9,18.9,2,0.89,1.79,1.2233333333333334
2,21,3,9,30.7,5,0.37,1.97,1.1641666666666666
2,21,3,9,1.5,1,1.0,0.5,1.12375
2,21,3,9,14.0,3,0.3,1.42,1.1154166666666667
3,21,3,9,1.7,1,1.85,1.02,1.1333333333333333
4,21,3,9,37.4,2,0.21,0.99,1.0995833333333334
4,21,3,9,39.7,5,0.83,0.5,1.0929166666666668
4,21,3,9,14.1,5,0.62,0.82,1.0979166666666667
5,21,3,9,-2.0,1,0.7,1.68,1.0929166666666668
7,21,3,9,24.5,1,0.79,1.56,1.0558333333333334
7,21,3,9,-9.8,3,0.84,1.5,1.0258333333333332
7,21,3,9,39.3,3,1.1,1.13,1.0091666666666665
8,21,3,9,-9.8,1,0.2,1.8,0.9704166666666666
10,21,3,9,15.7,3,1.85,1.96,0.9725
10,21,3,9,11.6,3,1.26,1.83,0.9433333333333334
10,21,3,9,18.8,2,0.73,1.35,0.8975
10,21,3,9,39.7,5,1.12,0.35,0.8879166666666666
11,21,3,9,37.1,2,0.94,1.93,0.9125000000000001
11,21,3,9,-6.2,5,0.58,0.41,0.8562500000000001
11,21,3,9,30.3,2,1.64,0.5,0.9075000000000001
11,21,3,9,39.1,2,0.81,0.52,0.9204166666666667
13,21,3,9,8.3,3,0.8,1.21,0.9320833333333334
13,21,3,9,20.3,5,0.9,1.73,0.9191666666666666
14,21,3,9,32.2,3,1.92,0.89,0.9270833333333334
14,21,3,9,-9.5,2,1.56,0.37,0.955
15,21,3,9,31.8,4,1.62,1.0,1.0070833333333333
15,21,3,9,29.7,4,1.41,0.3,1.0241666666666667
16,21,3,9,28.6,3,0.55,1.85,1.0345833333333334
16,21,3,9,34.6,1,1.68,0.21,1.0275
16,21,3,9,36.3,5,1.66,0.83,1.0879166666666666
17,21,3,9,22.9,5,0.86,0.62,1.0891666666666666
17,21,3,9,16.0,1,0.89,0.7,1.1004166666666666
17,21,3,9,8.3,5,0.94,0.79,1.1104166666666666
18,21,3,9,17.1,1,0.92,0.84,1.1158333333333335
18,21,3,9,26.6,2,0.21,1.1,1.0895833333333333
19,21,3,9,-6.1,1,1.05,0.2,1.0875000000000001
19,21,3,9,-9.8,4,1.58,1.85,1.145
20,21,3,9,20.7,1,1.37,1.26,1.125
21,21,3,9,23.2,1,1.01,0.73,1.1145833333333333
22,21,3,9,-6.9,1,1.91,1.12,1.16375
22,21,3,9,1.3,5,1.61,0.94,1.1841666666666668
23,21,3,9,16.5,4,1.88,0.58,1.2233333333333334
23,21,3,9,28.2,5,0.89,1.64,1.23625
23,21,3,9,-1.6,4,0.99,0.81,1.2091666666666667
23,21,3,9,14.9,2,1.42,0.8,1.2345833333333334
0,22,4,9,21.4,2,1.66,0.9,1.2704166666666667
1,22,4,9,18.3,2,1.75,1.92,1.3058333333333334
1,22,4,9,16.8,1,1.87,1.56,1.30375
2,22,4,9,0.4,4,1.46,1.62,1.2995833333333333
2,22,4,9,-7.7,1,1.05,1.41,1.2758333333333334
2,22,4,9,37.0,3,1.15,0.55,1.265
4,22,4,9,11.7,2,1.79,1.68,1.3166666666666667
5,22,4,9,12.2,4,0.52,1.66,1.2683333333333333
6,22,4,9,17.1,5,0.79,0.86,1.2320833333333334
6,22,4,9,8.4,4,1.54,0.89,1.2604166666666667
7,22,4,9,11.8,4,0.53,0.94,1.2454166666666666
7,22,4,9,4.5,3,1.73,0.92,1.2783333333333335
10,22,4,9,-9.7,3,1.38,0.21,1.2975
10,22,4,9,33.2,3,1.52,1.05,1.3520833333333335
10,22,4,9,0.5,1,0.79,1.58,1.3412499999999998
12,22,4,9,39.2,4,0.76,1.37,1.3070833333333334
15,22,4,9,12.7,4,0.73,1.01,1.2804166666666668
16,22,4,9,10.7,5,0.72,1.91,1.2683333333333333
19,22,4,9,18.4,4,1.49,1.61,1.2508333333333335
0,23,5,9,27.8,3,1.44,1.88,1.24375
1,23,5,9,21.5,2,0.37,0.89,1.1808333333333334
2,23,5,9,4.6,1,1.97,0.99,1.2258333333333333
5,23,5,9,-1.0,2,1.25,1.42,1.2366666666666666
6,23,5,9,11.6,4,1.25,1.66,1.2295833333333333
7,23,5,9,22.2,5,1.11,1.75,1.2066666666666666
9,23,5,9,19.5,1,1.65,1.87,1.2025
12,23,5,9,2.1,4,1.83,1.46,1.2008333333333334
14,23,5,9,-6.9,2,1.75,1.05,1.2129166666666666
15,23,5,9,12.4,3,0.86,1.15,1.2049999999999998
16,23,5,9,5.7,5,0.93,1.79,1.1958333333333333
17,23,5,9,-9.4,4,2.0,0.52,1.2045833333333331
18,23,5,9,13.0,5,1.04,0.79,1.22625
18,23,5,9,38.0,1,0.55,1.54,1.21625
19,23,5,9,17.6,2,1.92,0.53,1.2320833333333334
19,23,5,9,15.7,4,0.37,1.73,1.2254166666666666
19,23,5,9,-5.3,2,1.34,1.38,1.2091666666666667
19,23,5,9,4.7,1,0.9,1.52,1.1891666666666667
20,23,5,9,24.4,3,1.66,0.79,1.195
20,23,5,9,27.3,1,1.84,0.76,1.23875
20,23,5,9,-7.6,2,1.68,0.73,1.2770833333333333
21,23,5,9,12.3,3,1.04,0.72,1.29
22,23,5,9,38.0,5,1.21,1.49,1.3104166666666666
23,23,5,9,0.8,2,0.68,1.44,1.2766666666666666
23,23,5,9,29.2,1,1.71,0.37,1.2879166666666666
0,24,6,9,16.6,3,1.74,1.97,1.345
0,24,6,9,-0.2,4,1.31,1.25,1.3175000000000001
2,24,6,9,19.3,4,1.67,1.25,1.335
4,24,6,9,18.8,4,1.91,1.11,1.3625
5,24,6,9,23.4,4,0.43,1.65,1.3341666666666667
8,24,6,9,3.6,4,0.82,1.83,1.2995833333333333
8,24,6,9,6.3,5,1.47,1.75,1.2845833333333334
9,24,6,9,30.3,4,1.88,0.86,1.29
10,24,6,9,19.6,4,0.33,0.93,1.2679166666666668
13,24,6,9,-5.5,4,0.47,2.0,1.24875
13,24,6,9,5.6,3,1.82,1.04,1.24125
15,24,6,9,5.5,3,0.73,0.55,1.2283333333333333
15,24,6,9,18.5,5,0.98,1.92,1.24625
16,24,6,9,37.9,2,0.67,0.37,1.1941666666666666
16,24,6,9,35.3,5,0.58,1.34,1.2029166666666666
16,24,6,9,30.3,3,0.75,0.9,1.1783333333333335
17,24,6,9,23.8,5,1.9,1.66,1.22
17,24,6,9,-0.7,3,0.74,1.84,1.1816666666666666
21,24,6,9,2.0,4,0.55,1.68,1.1279166666666667
21,24,6,9,1.7,4,0.82,1.04,1.0920833333333333
22,24,6,9,-6.7,3,0.34,1.21,1.0629166666666665
23,24,6,9,27.5,4,1.44,0.68,1.0725
23,24,6,9,13.8,5,1.65,1.71,1.1129166666666668
0,25,0,9,7.6,5,0.57,1.74,1.0654166666666667
0,25,0,9,-0.2,4,1.92,1.31,1.0729166666666667
2,25,0,9,2.1,1,0.79,1.67,1.05125
3,25,0,9,-4.9,4,1.91,1.91,1.06125
3,25,0,9,33.0,3,1.71,0.43,1.0529166666666667
3,25,0,9,-8.4,2,0.37,0.82,1.0504166666666666
3,25,0,9,32.5,2,0.49,1.47,1.0366666666666668
5,25,0,9,-3.7,4,1.09,1.88,1.0208333333333333
5,25,0,9,1.7,2,1.61,0.33,1.0095833333333333
5,25,0,9,15.4,2,1.88,0.47,1.0741666666666665
6,25,0,9,15.6,2,1.03,1.82,1.0975
6,25,0,9,24.6,5,0.43,0.73,1.0395833333333333
7,25,0,9,19.8,2,1.21,0.98,1.0595833333333333
8,25,0,9,10.5,5,0.39,0.67,1.035
9,25,0,9,-4.0,1,1.42,0.58,1.06625
11,25,0,9,-2.7,5,0.85,0.75,1.0775
11,25,0,9,-9.6,1,1.04,1.9,1.0895833333333333
12,25,0,9,4.7,5,0.97,0.74,1.0508333333333333
13,25,0,9,21.2,1,1.34,0.55,1.0758333333333334
13,25,0,9,-0.6,4,0.4,0.82,1.0695833333333333
16,25,0,9,-5.8,4,1.07,0.34,1.08
16,25,0,9,8.7,4,0.64,1.44,1.0925
17,25,0,9,15.4,2,1.76,1.65,1.1058333333333332
17,25,0,9,25.5,1,1.47,0.57,1.0983333333333334
17,25,0,9,11.0,4,1.5,1.92,1.1370833333333332
19,25,0,9,10.0,2,1.48,0.79,1.11875
19,25,0,9,-9.4,5,1.06,1.91,1.13
20,25,0,9,18.0,3,1.83,1.71,1.1266666666666667
21,25,0,9,3.5,1,1.54,0.37,1.1195833333333334
21,25,0,9,17.5,1,0.49,0.49,1.1245833333333335
21,25,0,9,-2.5,5,0.29,1.09,1.11625
21,25,0,9,-3.8,2,1.87,1.61,1.14875
23,25,0,9,-2.7,3,0.69,1.88,1.1104166666666666
23,25,0,9,6.2,2,1.46,1.03,1.0929166666666668
0,26,1,9,-3.8,3,0.22,0.43,1.0591666666666666
0,26,1,9,-4.2,4,1.05,1.21,1.085
1,26,1,9,0.2,1,1.22,0.39,1.0854166666666665
1,26,1,9,-9.8,1,1.44,1.42,1.1291666666666667
3,26,1,9,12.0,2,0.23,0.85,1.0795833333333333
3,26,1,9,35.3,1,1.63,1.04,1.1120833333333333
3,26,1,9,8.9,2,0.78,0.97,1.10125
7,26,1,9,33.4,4,0.34,1.34,1.075
7,26,1,9,-3.6,5,0.33,0.4,1.0329166666666667
7,26,1,9,25.9,5,1.03,1.07,1.0591666666666666
8,26,1,9,-2.7,3,0.74,0.64,1.0454166666666669
8,26,1,9,22.2,1,1.58,1.76,1.0845833333333335
8,26,1,9,10.7,1,0.79,1.47,1.0441666666666667
9,26,1,9,0.1,2,1.62,1.5,1.0504166666666668
9,26,1,9,-2.0,3,1.33,1.48,1.0433333333333334
11,26,1,9,30.9,2,1.64,1.06,1.05
11,26,1,9,-3.0,5,1.46,1.83,1.0666666666666667
11,26,1,9,27.1,1,1.19,1.54,1.04
11,26,1,9,-3.2,3,1.86,0.49,1.0533333333333335
15,26,1,9,6.4,3,1.31,0.29,1.0875
16,26,1,9,35.8,2,1.36,1.87,1.1320833333333333
16,26,1,9,-7.0,1,1.18,0.69,1.1033333333333333
16,26,1,9,-6.4,4,1.59,1.46,1.1408333333333334
17,26,1,9,18.3,1,1.52,0.22,1.1433333333333333
17,26,1,9,11.2,1,0.81,1.05,1.1679166666666667
18,26,1,9,-0.8,4,0.58,1.22,1.1483333333333334
18,26,1,9,16.3,1,1.98,1.44,1.18
18,26,1,9,25.7,2,1.49,0.23,1.1820833333333334
19,26,1,9,-0.2,5,1.66,1.63,1.2416666666666667
19,26,1,9,-5.5,4,1.38,0.78,1.23125
20,26,1,9,12.2,5,0.28,0.34,1.2104166666666667
21,26,1,9,-7.1,5,0.3,0.33,1.20875
21,26,1,9,5.8,2,0.82,1.03,1.2291666666666667
22,26,1,9,1.5,1,0.94,0.74,1.2254166666666666
22,26,1,9,39.6,1,1.71,1.58,1.2658333333333334
22,26,1,9,23.0,2,1.52,0.79,1.2633333333333334
22,26,1,9,11.9,1,0.68,1.62,1.25875
23,26,1,9,23.9,5,1.46,1.33,1.2520833333333334
23,26,1,9,-8.5,4,1.63,1.64,1.2645833333333332
23,26,1,9,2.2,2,1.69,1.46,1.2666666666666668
0,27,2,9,6.4,5,1.74,1.19,1.2783333333333333
1,27,2,9,19.6,2,1.29,1.86,1.2825
1,27,2,9,19.1,4,1.32,1.31,1.26
1,27,2,9,24.6,5,0.47,1.36,1.225
2,27,2,9,1.7,5,1.62,1.18,1.2358333333333331
2,27,2,9,39.0,5,0.36,1.59,1.2016666666666667
5,27,2,9,-1.9,4,1.31,1.52,1.19
5,27,2,9,31.2,5,1.26,0.81,1.1791666666666667
5,27,2,9,5.9,2,0.47,0.58,1.165
6,27,2,9,36.4,5,0.69,1.98,1.1695833333333334
8,27,2,9,39.5,2,0.23,1.49,1.0966666666666667
8,27,2,9,22.9,1,0.78,1.66,1.0670833333333334
9,27,2,9,34.3,2,1.2,1.38,1.0479166666666666
9,27,2,9,-9.1,5,0.91,0.28,1.0283333333333333
9,27,2,9,35.5,5,1.86,0.3,1.0941666666666665
9,27,2,9,16.0,1,0.87,0.82,1.1179166666666667
11,27,2,9,37.5,2,0.61,0.94,1.1091666666666666
12,27,2,9,15.8,2,1.56,1.71,1.135
13,27,2,9,36.3,3,1.21,1.52,1.1141666666666665
14,27,2,9,37.9,4,1.43,0.68,1.1104166666666666
14,27,2,9,-0.4,2,0.94,1.46,1.12125
16,27,2,9,9.3,2,0.54,1.63,1.0829166666666665
17,27,2,9,32.1,2,0.9,1.69,1.0525
18,27,2,9,11.3,5,1.44,1.74,1.0420833333333333
19,27,2,9,38.9,2,0.72,1.29,0.9995833333333334
20,27,2,9,37.2,1,1.64,1.32,1.0141666666666669
22,27,2,9,37.2,3,1.45,0.47,1.0195833333333335
0,28,3,9,35.7,5,1.63,1.62,1.0679166666666666
4,28,3,9,-9.1,2,0.99,0.36,1.0416666666666667
4,28,3,9,20.9,4,1.6,1.31,1.0933333333333333
5,28,3,9,8.2,5,1.53,1.26,1.1025
10,28,3,9,-6.7,2,0.92,0.47,1.0883333333333332
12,28,3,9,6.6,4,0.66,0.69,1.09625
13,28,3,9,9.5,1,0.37,0.23,1.0829166666666665
15,28,3,9,36.6,4,1.13,0.78,1.1204166666666666
16,28,3,9,9.9,4,1.06,1.2,1.1320833333333333
17,28,3,9,3.3,5,0.47,0.91,1.1016666666666668
17,28,3,9,32.0,3,1.17,1.86,1.1125
17,28,3,9,35.5,5,1.16,0.87,1.0833333333333333
19,28,3,9,37.2,3,1.99,0.61,1.1300000000000001
19,28,3,9,7.8,1,1.26,1.56,1.1570833333333332
20,28,3,9,26.7,4,1.77,1.21,1.1658333333333333
21,28,3,9,14.5,4,0.58,1.43,1.1395833333333334
21,28,3,9,11.6,3,1.89,0.94,1.1587500000000002
23,28,3,9,32.8,3,1.81,0.54,1.195
23,28,3,9,13.1,5,0.29,0.9,1.1845833333333333
23,28,3,9,19.6,1,0.46,1.44,1.16625
0,29,4,9,34.5,4,0.93,0.72,1.145
0,29,4,9,32.6,2,1.65,1.64,1.1837499999999999
2,29,4,9,1.0,3,1.18,1.45,1.1645833333333333
3,29,4,9,2.5,2,0.64,1.63,1.1308333333333331
3,29,4,9,35.2,1,0.96,0.99,1.1029166666666665
3,29,4,9,34.5,5,0.51,1.6,1.0829166666666667
4,29,4,9,5.8,5,1.6,1.53,1.0829166666666665
5,29,4,9,30.6,5,0.3,0.92,1.0316666666666665
8,29,4,9,6.2,4,0.46,0.66,1.0125
9,29,4,9,-4.3,5,1.74,0.37,1.0574999999999999
10,29,4,9,4.5,4,1.47,1.13,1.1033333333333333
10,29,4,9,-3.2,2,1.71,1.06,1.1275
10,29,4,9,9.3,5,1.6,0.47,1.1500000000000001
11,29,4,9,38.4,1,1.15,1.17,1.1783333333333332
12,29,4,9,22.1,2,0.85,1.16,1.165
14,29,4,9,2.3,5,0.74,1.99,1.1475
15,29,4,9,20.0,5,1.01,1.26,1.1066666666666667
15,29,4,9,-0.4,1,0.7,1.77,1.0833333333333333
15,29,4,9,8.2,2,1.43,0.58,1.0691666666666666
15,29,4,9,-2.7,3,1.18,1.89,1.0941666666666665
15,29,4,9,39.3,5,1.77,1.81,1.0891666666666666
16,29,4,9,29.6,5,1.33,0.29,1.0691666666666666
16,29,4,9,31.8,2,0.58,0.46,1.08125
16,29,4,9,-0.3,3,0.65,0.93,1.0891666666666666
20,29,4,9,17.6,1,1.64,1.65,1.1187500000000001
22,29,4,9,37.4,1,0.75,1.18,1.08125
0,30,5,9,36.8,5,1.03,0.64,1.075
0,30,5,9,39.3,1,1.13,0.96,1.0954166666666667
2,30,5,9,17.0,5,0.8,0.51,1.0887499999999999
2,30,5,9,3.2,1,1.11,1.6,1.11375
3,30,5,9,25.2,4,1.28,0.3,1.1004166666666666
4,30,5,9,14.8,1,1.15,0.46,1.1358333333333335
5,30,5,9,22.7,2,0.24,1.74,1.1266666666666667
5,30,5,9,-5.4,5,0.77,1.47,1.08625
8,30,5,9,11.3,2,0.48,1.71,1.045
10,30,5,9,30.2,5,0.36,1.6,0.98875
13,30,5,9,35.3,1,0.61,1.15,0.9474999999999999
13,30,5,9,28.6,1,1.57,0.85,0.965
14,30,5,9,39.6,4,0.89,0.74,0.9666666666666667
14,30,5,9,24.0,3,1.36,1.01,0.9925
14,30,5,9,22.4,1,1.08,0.7,0.9954166666666667
15,30,5,9,22.0,3,1.71,1.43,1.0375
17,30,5,9,31.2,4,0.79,1.18,1.0108333333333335
17,30,5,9,15.9,5,0.56,1.77,0.985
17,30,5,9,-5.1,4,0.35,1.33,0.9258333333333334
17,30,5,9,34.0,3,1.26,0.58,0.9229166666666666
19,30,5,9,31.9,1,0.26,0.65,0.9095833333333334
20,30,5,9,0.3,3,1.2,1.64,0.9325
20,30,5,9,19.5,3,0.36,0.75,0.8791666666666665
21,30,5,9,9.6,5,0.91,1.03,0.8858333333333333
22,30,5,9,9.6,4,1.15,1.13,0.8908333333333335
0,1,6,10,25.5,2,1.4,0.8,0.9020833333333332
2,1,6,10,15.1,2,1.26,1.11,0.9212500000000001
6,1,6,10,9.3,5,1.6,1.28,0.9416666666666665
7,1,6,10,28.3,3,0.68,1.15,0.9166666666666666
8,1,6,10,18.3,3,1.36,0.24,0.9254166666666667
8,1,6,10,-7.8,4,0.21,0.77,0.9241666666666667
9,1,6,10,36.8,3,0.67,0.48,0.92
12,1,6,10,18.5,5,1.7,0.36,0.9708333333333333
12,1,6,10,1.2,3,0.8,0.61,0.9891666666666667
12,1,6,10,-0.8,1,0.69,1.57,0.9925
13,1,6,10,-1.4,2,0.6,0.89,0.9520833333333334
14,1,6,10,-4.0,1,1.91,1.36,0.9945833333333334
14,1,6,10,27.4,4,0.96,1.08,0.9779166666666668
16,1,6,10,16.5,2,1.02,1.71,0.9754166666666667
18,1,6,10,13.6,2,0.56,0.79,0.9274999999999999
19,1,6,10,9.6,3,0.98,0.56,0.9354166666666667
20,1,6,10,31.7,5,1.68,0.35,0.9820833333333333
20,1,6,10,24.8,3,1.58,1.26,1.0333333333333334
20,1,6,10,12.5,3,1.46,0.26,1.0416666666666667
20,1,6,10,37.5,3,1.45,1.2,1.09125
21,1,6,10,31.4,2,0.79,0.36,1.0741666666666667
21,1,6,10,35.1,4,1.74,0.91,1.1316666666666666
22,1,6,10,0.9,5,0.96,1.15,1.13375
23,1,6,10,32.7,5,1.64,1.4,1.1541666666666666
23,1,6,10,-1.6,4,1.65,1.26,1.1645833333333333
23,1,6,10,11.7,4,1.61,1.6,1.1791666666666665
23,1,6,10,33.2,2,0.89,0.68,1.1495833333333334
0,2,0,10,28.6,5,1.98,1.36,1.20375
0,2,0,10,2.1,4,1.14,0.21,1.1945833333333333
0,2,0,10,12.1,3,1.44,0.67,1.2458333333333333
1,2,0,10,13.7,4,1.96,1.7,1.2995833333333333
2,2,0,10,0.0,5,0.73,0.8,1.2591666666666665
2,2,0,10,-7.0,3,1.25,0.69,1.2779166666666666
3,2,0,10,10.9,4,0.62,0.6,1.2750000000000001
3,2,0,10,31.9,3,0.41,1.91,1.2670833333333333
4,2,0,10,15.1,1,1.93,0.96,1.2679166666666666
6,2,0,10,24.7,3,1.26,1.02,1.2804166666666665
7,2,0,10,8.5,1,0.93,0.56,1.2766666666666666
7,2,0,10,-8.7,2,0.64,0.98,1.28
7,2,0,10,26.3,3,1.13,1.68,1.2862500000000001
8,2,0,10,25.2,1,0.98,1.58,1.2570833333333333
8,2,0,10,30.4,1,1.26,1.46,1.24375
9,2,0,10,27.9,1,0.5,1.45,1.20375
9,2,0,10,-0.5,3,1.45,0.79,1.2037499999999999
9,2,0,10,32.1,1,1.15,1.74,1.21875
11,2,0,10,18.2,5,0.47,0.96,1.1658333333333333
11,2,0,10,21.9,5,1.48,1.64,1.1875
12,2,0,10,27.2,3,0.32,1.65,1.1325
12,2,0,10,3.4,4,0.94,1.61,1.1029166666666665
13,2,0,10,3.9,3,0.37,0.89,1.05125
13,2,0,10,33.6,4,0.63,1.98,1.0404166666666665
13,2,0,10,31.2,1,1.82,1.14,1.03375
13,2,0,10,-8.3,4,1.8,1.44,1.06125
14,2,0,10,-9.7,2,1.86,1.96,1.0787499999999999
15,2,0,10,3.1,2,1.37,0.73,1.0541666666666667
16,2,0,10,22.1,3,1.17,1.25,1.0725
17,2,0,10,-1.5,1,0.45,0.62,1.0391666666666668
18,2,0,10,10.9,5,1.74,0.41,1.0858333333333332
19,2,0,10,-9.3,1,1.76,1.93,1.1420833333333333
19,2,0,10,20.4,3,0.44,1.26,1.0799999999999998
21,2,0,10,-7.2,3,1.94,0.93,1.1083333333333332
21,2,0,10,33.4,5,0.89,0.64,1.1066666666666667
21,2,0,10,-1.1,1,1.38,1.13,1.1375
21,2,0,10,32.5,3,1.19,0.98,1.14
21,2,0,10,11.7,2,1.91,1.26,1.17875
0,3,1,10,25.9,4,1.4,0.5,1.1845833333333333
3,3,1,10,-8.4,1,1.08,1.45,1.20875
4,3,1,10,34.4,4,1.99,1.15,1.23125
4,3,1,10,20.1,1,0.5,0.47,1.2041666666666666
5,3,1,10,0.2,2,1.24,1.48,1.2362499999999998
7,3,1,10,17.5,3,1.2,0.32,1.2245833333333334
7,3,1,10,17.8,3,0.95,0.94,1.2508333333333332
8,3,1,10,8.8,4,0.28,0.37,1.2233333333333334
9,3,1,10,15.5,1,1.74,0.63,1.2804166666666668
9,3,1,10,4.2,4,1.01,1.82,1.29625
9,3,1,10,17.9,4,1.19,1.8,1.27
10,3,1,10,15.1,2,1.06,1.86,1.2391666666666667
12,3,1,10,7.4,3,0.65,1.37,1.18875
12,3,1,10,15.2,2,0.84,1.17,1.1666666666666667
13,3,1,10,15.2,5,1.4,0.45,1.1762499999999998
14,3,1,10,-5.1,3,1.67,1.74,1.2270833333333333
16,3,1,10,35.8,4,1.26,1.76,1.2070833333333333
17,3,1,10,35.6,5,0.27,0.44,1.1449999999999998
17,3,1,10,35.8,4,0.23,1.94,1.13625
18,3,1,10,31.2,2,0.37,0.89,1.0708333333333333
19,3,1,10,0.0,3,1.55,1.38,1.0983333333333334
21,3,1,10,34.2,3,1.99,1.19,1.12375
22,3,1,10,33.9,5,0.34,1.91,1.0883333333333332
0,4,2,10,17.6,3,0.87,1.4,1.045
0,4,2,10,10.3,3,0.69,1.08,1.0154166666666666
1,4,2,10,21.2,4,0.98,1.99,1.01125
2,4,2,10,17.7,1,0.22,0.5,0.9375
3,4,2,10,3.4,5,0.44,1.24,0.935
3,4,2,10,-1.1,4,0.53,1.2,0.9054166666666666
4,4,2,10,28.1,2,1.07,0.95,0.8999999999999999
5,4,2,10,26.8,3,1.84,0.28,0.9370833333333333
6,4,2,10,37.7,2,1.87,1.74,1.0033333333333334
6,4,2,10,32.1,4,0.88,1.01,0.9674999999999999
6,4,2,10,38.5,1,1.1,1.19,0.9712500000000001
7,4,2,10,37.4,5,1.6,1.06,0.9883333333333333
7,4,2,10,8.6,4,1.73,0.65,1.0162499999999999
7,4,2,10,-0.9,1,1.4,0.84,1.0475
7,4,2,10,23.4,3,1.38,1.4,1.07
10,4,2,10,6.1,2,1.81,1.67,1.0870833333333334
10,4,2,10,31.5,4,1.13,1.26,1.0645833333333334
11,4,2,10,10.4,4,2.0,0.27,1.0954166666666667
12,4,2,10,39.6,1,1.17,0.23,1.1329166666666668
12,4,2,10,19.5,3,0.48,0.37,1.1433333333333333
13,4,2,10,33.7,2,0.82,1.55,1.1620833333333334
13,4,2,10,6.6,4,1.17,1.99,1.14625
13,4,2,10,11.4,4,0.63,0.34,1.0895833333333333
14,4,2,10,-8.2,3,1.29,0.87,1.1291666666666667
14,4,2,10,37.2,2,0.59,0.69,1.1175
15,4,2,10,-6.3,5,0.88,0.98,1.1254166666666665
18,4,2,10,33.4,1,1.55,0.22,1.1491666666666667
18,4,2,10,10.5,4,0.57,0.44,1.16375
18,4,2,10,-5.6,1,0.26,0.53,1.1562499999999998
19,4,2,10,22.9,3,0.22,1.07,1.1433333333333333
19,4,2,10,-5.9,2,0.73,1.84,1.1291666666666667
19,4,2,10,3.7,4,0.61,1.87,1.0779166666666666
20,4,2,10,32.6,3,1.0,0.88,1.0416666666666667
20,4,2,10,39.1,3,1.81,1.1,1.0804166666666666
20,4,2,10,14.1,4,0.85,1.6,1.07
20,4,2,10,34.1,3,1.68,1.73,1.0733333333333333
21,4,2,10,-7.0,4,0.38,1.4,1.0170833333333333
22,4,2,10,24.3,3,0.55,1.38,0.9816666666666666
23,4,2,10,19.3,4,1.41,1.81,0.9829166666666667
23,4,2,10,34.9,2,1.6,1.13,0.9741666666666667
0,5,3,10,36.5,5,1.54,2.0,0.99125
1,5,3,10,26.8,3,1.55,1.17,0.9725
1,5,3,10,-9.7,1,1.75,0.48,0.9966666666666667
6,5,3,10,5.4,4,1.0,0.82,1.0183333333333333
7,5,3,10,32.7,4,1.58,1.17,1.05
8,5,3,10,36.0,3,1.22,0.63,1.0520833333333333
9,5,3,10,30.6,3,0.64,1.29,1.0525
10,5,3,10,12.5,3,1.87,0.59,1.0766666666666667
10,5,3,10,5.0,5,0.39,0.88,1.0683333333333334
11,5,3,10,36.6,3,1.37,1.55,1.08875
11,5,3,10,31.0,1,1.6,0.57,1.0908333333333333
13,5,3,10,-8.2,1,0.44,0.26,1.0854166666666667
13,5,3,10,2.3,2,1.78,0.22,1.1487500000000002
14,5,3,10,12.4,4,0.87,0.73,1.1758333333333333
14,5,3,10,39.0,4,1.53,0.61,1.2091666666666667
15,5,3,10,22.9,3,1.12,1.0,1.2304166666666667
16,5,3,10,32.5,1,1.2,1.81,1.23875
17,5,3,10,-6.6,1,1.12,0.85,1.2100000000000002
17,5,3,10,16.6,3,1.46,1.68,1.2354166666666666
17,5,3,10,-9.2,4,1.53,0.38,1.2291666666666667
17,5,3,10,-4.3,1,1.38,0.55,1.2708333333333333
18,5,3,10,-2.7,1,0.96,1.41,1.2879166666666666
20,5,3,10,36.3,2,0.7,1.6,1.2583333333333333
20,5,3,10,21.6,1,1.62,1.54,1.2591666666666668
22,5,3,10,-2.3,3,0.78,1.55,1.2275
23,5,3,10,-1.9,2,0.29,1.75,1.175
1,6,4,10,39.4,3,0.48,1.0,1.1220833333333333
3,6,4,10,39.5,3,1.79,1.58,1.155
4,6,4,10,20.7,4,0.67,1.22,1.1170833333333334
5,6,4,10,26.2,2,0.87,0.64,1.1025
5,6,4,10,18.1,4,0.28,1.87,1.0875000000000001
6,6,4,10,13.7,1,0.7,0.39,1.03875
6,6,4,10,22.3,4,1.93,1.37,1.1029166666666665
6,6,4,10,-5.7,3,1.48,1.6,1.1075
7,6,4,10,34.7,4,1.06,0.44,1.0850000000000002
9,6,4,10,16.3,5,1.91,1.78,1.14625
9,6,4,10,-2.0,2,0.53,0.87,1.0941666666666665
11,6,4,10,38.3,2,0.41,1.53,1.075
12,6,4,10,24.9,1,1.65,1.12,1.08
14,6,4,10,28.8,3,0.32,1.2,1.0466666666666666
18,6,4,10,37.8,2,0.35,1.12,1.01125
20,6,4,10,28.6,4,0.23,1.46,0.9741666666666666
20,6,4,10,38.5,1,0.69,1.53,0.9420833333333335
21,6,4,10,10.7,5,0.94,1.38,0.9175
21,6,4,10,25.5,5,0.81,0.96,0.8937500000000002
22,6,4,10,1.6,3,1.63,0.7,0.9216666666666667
23,6,4,10,4.8,4,0.41,1.62,0.9095833333333334
23,6,4,10,4.5,5,1.57,0.78,0.9075000000000001
2,7,5,10,38.1,5,1.64,0.29,0.9433333333333332
3,7,5,10,2.6,5,1.06,0.48,0.9754166666666667
4,7,5,10,-6.8,4,0.97,1.79,0.9958333333333332
6,7,5,10,9.8,4,0.41,0.67,0.9383333333333334
6,7,5,10,16.6,1,0.23,0.87,0.9199999999999999
7,7,5,10,-5.8,4,1.58,0.28,0.9495833333333333
7,7,5,10,18.9,1,1.17,0.7,0.9866666666666667
8,7,5,10,21.1,5,0.65,1.93,0.9845833333333333
9,7,5,10,22.3,5,0.59,1.48,0.92875
10,7,5,10,12.8,4,1.15,1.06,0.915
11,7,5,10,27.5,5,1.84,1.91,0.9474999999999999
14,7,5,10,22.3,5,1.92,0.53,0.9479166666666665
14,7,5,10,26.8,2,1.74,0.41,0.9983333333333334
15,7,5,10,30.0,1,1.36,1.65,1.0379166666666666
16,7,5,10,7.0,1,1.85,0.32,1.04625
16,7,5,10,1.1,2,0.46,0.35,1.0520833333333333
18,7,5,10,6.7,5,1.51,0.23,1.1004166666666666
19,7,5,10,6.3,2,1.56,0.69,1.1558333333333333
21,7,5,10,1.7,4,0.62,0.94,1.1529166666666666
21,7,5,10,2.1,1,1.64,0.81,1.1820833333333334
21,7,5,10,29.3,3,1.0,1.63,1.19
21,7,5,10,12.1,3,0.31,0.41,1.135
0,8,6,10,-7.4,2,0.31,1.57,1.1308333333333331
1,8,6,10,33.7,5,1.71,1.64,1.1366666666666665
1,8,6,10,15.5,5,0.88,1.06,1.1050000000000002
2,8,6,10,34.5,4,0.37,0.97,1.07625
2,8,6,10,-6.2,4,1.37,0.41,1.0929166666666668
3,8,6,10,33.2,2,1.46,0.23,1.1366666666666667
3,8,6,10,-4.7,5,0.67,1.58,1.155
5,8,6,10,16.9,4,1.9,1.17,1.1683333333333334
5,8,6,10,10.9,4,1.0,0.65,1.1612500000000001
6,8,6,10,-4.3,2,1.43,0.59,1.19375
7,8,6,10,35.0,2,1.27,1.15,1.2220833333333334
10,8,6,10,15.4,3,0.61,1.84,1.1995833333333332
10,8,6,10,-6.3,5,0.32,1.92,1.13625
11,8,6,10,8.5,5,0.84,1.74,1.09125
11,8,6,10,13.0,2,1.49,1.36,1.0808333333333333
13,8,6,10,38.4,3,0.96,1.85,1.0641666666666667
14,8,6,10,10.0,2,1.36,0.46,1.04375
14,8,6,10,5.1,1,1.47,1.51,1.0858333333333334
17,8,6,10,-6.8,2,0.23,1.56,1.0325
18,8,6,10,12.3,1,1.72,0.62,1.0391666666666668
18,8,6,10,39.5,4,0.35,1.64,1.0279166666666666
20,8,6,10,3.2,4,1.23,1.0,1.0108333333333333
20,8,6,10,3.4,3,1.11,0.31,1.0154166666666666
21,8,6,10,18.3,3,0.28,0.31,1.0141666666666667
21,8,6,10,15.9,5,1.52,1.71,1.0645833333333334
21,8,6,10,39.1,1,1.64,0.88,1.0616666666666668
21,8,6,10,6.2,2,1.52,0.37,1.0883333333333332
23,8,6,10,0.8,3,1.7,1.37,1.14375
23,8,6,10,17.6,5,1.72,1.46,1.1583333333333334
1,9,0,10,17.2,4,1.44,0.67,1.1575
1,9,0,10,24.5,5,0.27,1.9,1.1408333333333334
2,9,0,10,29.6,4,1.51,1.0,1.1245833333333333
2,9,0,10,25.5,1,0.22,1.43,1.0920833333333333
4,9,0,10,32.0,5,0.89,1.27,1.0695833333333333
4,9,0,10,30.6,1,1.15,0.61,1.0645833333333332
5,9,0,10,-5.9,4,0.75,0.32,1.0704166666666666
6,9,0,10,17.8,3,0.27,0.84,1.0683333333333334
7,9,0,10,-7.8,5,1.09,1.49,1.07875
7,9,0,10,10.0,4,0.22,0.96,1.0258333333333334
7,9,0,10,10.2,1,1.66,1.36,1.055
8,9,0,10,-4.4,2,1.9,1.47,1.0775
9,9,0,10,7.5,3,0.62,0.23,1.0420833333333333
10,9,0,10,39.1,1,0.43,1.72,1.0504166666666666
10,9,0,10,-3.0,1,1.3,0.35,1.0329166666666667
10,9,0,10,27.4,4,0.81,1.23,1.0520833333333333
11,9,0,10,12.1,5,1.64,1.11,1.0691666666666666
11,9,0,10,22.1,5,0.52,0.28,1.0445833333333334
14,9,0,10,19.8,3,1.3,1.52,1.0870833333333334
15,9,0,10,-7.5,4,0.89,1.64,1.0608333333333333
15,9,0,10,12.3,2,1.79,1.52,1.0670833333333334
17,9,0,10,21.8,5,1.16,1.7,1.0520833333333333
17,9,0,10,19.5,3,1.09,1.72,1.0266666666666666
18,9,0,10,-5.5,3,1.48,1.44,1.0166666666666666
20,9,0,10,13.4,3,1.52,0.27,1.02
20,9,0,10,8.1,2,0.98,1.51,1.0495833333333333
21,9,0,10,29.9,2,0.22,0.22,0.9958333333333332
21,9,0,10,5.9,4,1.32,0.89,1.0416666666666667
22,9,0,10,-8.0,4,1.29,1.15,1.0583333333333333
22,9,0,10,17.8,1,0.98,0.75,1.05125
22,9,0,10,3.6,1,0.25,0.27,1.0304166666666665
23,9,0,10,39.3,1,0.71,1.09,1.0487499999999998
23,9,0,10,35.0,1,1.05,0.22,1.0470833333333334
23,9,0,10,12.4,3,0.77,1.66,1.07
0,10,1,10,-3.9,3,1.93,1.9,1.08125
0,10,1,10,4.5,1,0.58,0.62,1.02625
2,10,1,10,35.2,4,0.41,0.43,1.0175
3,10,1,10,32.3,1,1.74,1.3,1.0720833333333333
4,10,1,10,21.7,3,1.29,0.81,1.0716666666666665
4,10,1,10,-8.0,5,1.91,1.64,1.1175
5,10,1,10,27.0,4,1.76,0.52,1.1225
6,10,1,10,33.5,1,0.37,1.3,1.11625
6,10,1,10,-4.1,4,0.62,0.89,1.0879166666666666
6,10,1,10,11.5,3,0.78,1.79,1.0833333333333333
7,10,1,10,0.9,5,1.01,1.16,1.0508333333333333
8,10,1,10,2.5,5,1.8,1.09,1.0775
8,10,1,10,-9.2,2,0.87,1.48,1.0683333333333334
9,10,1,10,38.9,1,1.75,1.52,1.0795833333333333
10,10,1,10,28.4,2,0.49,0.98,1.0366666666666666
10,10,1,10,20.9,3,0.56,0.22,1.0191666666666668
10,10,1,10,17.5,2,0.98,1.32,1.0508333333333335
14,10,1,10,21.5,5,1.26,1.29,1.0483333333333333
17,10,1,10,25.7,1,0.5,0.98,1.0154166666666666
18,10,1,10,-0.1,5,1.61,0.25,1.0416666666666667
18,10,1,10,34.7,3,0.88,0.71,1.0679166666666668
20,10,1,10,7.0,3,1.62,1.05,1.1058333333333332
20,10,1,10,9.2,4,1.35,0.77,1.1183333333333334
20,10,1,10,16.3,3,0.55,1.93,1.1091666666666666
20,10,1,10,17.9,5,0.41,0.58,1.0458333333333334
21,10,1,10,24.7,4,0.38,0.41,1.0374999999999999
22,10,1,10,29.1,5,0.43,1.74,1.0383333333333333
2,11,2,10,30.9,1,0.38,1.29,0.9816666666666668
3,11,2,10,39.0,2,0.88,1.91,0.9645833333333335
3,11,2,10,11.2,1,1.56,1.76,0.9500000000000001
4,11,2,10,15.4,4,0.38,0.37,0.8925
4,11,2,10,38.4,3,0.26,0.62,0.8879166666666668
5,11,2,10,28.2,1,1.08,0.78,0.9070833333333335
7,11,2,10,-5.2,2,0.85,1.01,0.91
9,11,2,10,26.4,2,0.46,1.8,0.8870833333333334
10,11,2,10,36.8,1,0.22,0.87,0.82125
10,11,2,10,8.0,5,1.34,1.75,0.8408333333333333
10,11,2,10,21.0,4,1.37,0.49,0.8250000000000001
10,11,2,10,26.7,1,0.58,0.56,0.82875
10,11,2,10,33.2,2,0.28,0.98,0.8170833333333333
11,11,2,10,39.6,5,0.51,1.26,0.7975
12,11,2,10,7.4,4,1.8,0.5,0.82
13,11,2,10,14.6,3,0.89,1.61,0.83625
13,11,2,10,33.2,2,0.56,0.88,0.7925000000000001
14,11,2,10,-5.7,3,1.03,1.62,0.79875
14,11,2,10,27.0,2,1.15,1.35,0.7791666666666667
16,11,2,10,4.6,3,1.96,0.55,0.8045833333333334
17,11,2,10,13.9,2,1.27,0.41,0.8345833333333333
18,11,2,10,23.2,4,1.4,0.38,0.8758333333333334
19,11,2,10,11.9,3,1.68,0.43,0.93
20,11,2,10,-1.7,2,0.37,0.38,0.9275000000000001
21,11,2,10,11.4,1,1.46,0.88,0.9724999999999998
22,11,2,10,-2.1,5,1.53,1.56,0.9995833333333333
23,11,2,10,15.4,3,0.57,0.38,0.9583333333333334
23,11,2,10,30.8,3,0.89,0.26,0.9795833333333334
1,12,3,10,8.5,5,1.63,1.08,1.0366666666666666
2,12,3,10,29.3,4,1.62,0.85,1.0591666666666666
4,12,3,10,37.3,4,0.66,0.46,1.05125
5,12,3,10,26.9,4,1.09,0.22,1.0775
6,12,3,10,-4.7,1,0.77,1.34,1.1004166666666666
7,12,3,10,25.8,3,1.62,1.37,1.1120833333333333
7,12,3,10,6.9,1,1.44,0.58,1.115
8,12,3,10,26.0,4,1.22,0.28,1.1416666666666668
9,12,3,10,-4.6,2,1.38,0.51,1.1875
11,12,3,10,18.2,2,1.81,1.8,1.2416666666666665
11,12,3,10,0.5,4,0.46,0.89,1.1858333333333333
15,12,3,10,27.1,2,1.15,0.56,1.1966666666666668
17,12,3,10,6.6,2,1.55,1.03,1.2379166666666666
18,12,3,10,30.3,4,0.87,1.15,1.23125
18,12,3,10,33.2,3,1.87,1.96,1.26125
20,12,3,10,12.8,5,0.61,1.27,1.205
20,12,3,10,-1.1,2,1.69,1.4,1.2225
21,12,3,10,21.3,4,1.54,1.68,1.2283333333333333
21,12,3,10,-6.8,5,1.73,0.37,1.2304166666666667
22,12,3,10,37.0,1,0.34,1.46,1.2291666666666667
1,13,4,10,26.9,4,0.52,1.53,1.19
2,13,4,10,17.9,3,1.11,0.57,1.1725
2,13,4,10,-6.5,2,1.11,0.89,1.195
2,13,4,10,23.4,2,0.8,1.63,1.19125
3,13,4,10,20.8,1,1.68,1.62,1.1933333333333334
4,13,4,10,0.5,5,0.92,0.66,1.1641666666666668
5,13,4,10,39.3,5,1.16,1.09,1.185
6,13,4,10,-5.4,5,1.58,0.77,1.2054166666666666
7,13,4,10,29.9,3,1.3,1.62,1.2275
7,13,4,10,-8.5,5,1.69,1.44,1.2304166666666667
8,13,4,10,32.8,4,1.5,1.22,1.2329166666666669
8,13,4,10,-7.0,4,0.54,1.38,1.2045833333333333
9,13,4,10,13.3,2,0.42,1.81,1.1645833333333333
10,13,4,10,-0.4,3,1.95,0.46,1.1704166666666669
10,13,4,10,14.1,5,1.24,1.15,1.2029166666666666
10,13,4,10,26.7,4,1.77,1.55,1.22875
10,13,4,10,29.5,4,1.94,0.87,1.245
12,13,4,10,2.2,4,1.75,1.87,1.2816666666666667
12,13,4,10,11.4,3,1.92,0.61,1.28375
12,13,4,10,7.9,4,1.92,1.69,1.3383333333333332
12,13,4,10,4.7,3,1.1,1.54,1.31375
14,13,4,10,-9.9,1,0.84,1.73,1.2845833333333332
14,13,4,10,32.9,2,0.53,0.34,1.2345833333333334
18,13,4,10,12.8,3,0.27,0.52,1.2316666666666667
19,13,4,10,30.5,5,1.41,1.11,1.26875
19,13,4,10,25.3,4,1.26,1.11,1.2750000000000001
19,13,4,10,17.6,3,0.86,0.8,1.2645833333333334
20,13,4,10,13.0,5,0.25,1.68,1.2416666666666667
20,13,4,10,-9.6,3,1.81,0.92,1.2470833333333333
20,13,4,10,1.5,5,0.5,1.16,1.2295833333333333
21,13,4,10,11.3,1,1.17,1.58,1.23
21,13,4,10,34.5,5,0.64,1.3,1.1908333333333334
22,13,4,10,16.4,2,1.11,1.69,1.1829166666666666
22,13,4,10,12.4,5,0.28,1.5,1.1241666666666665
23,13,4,10,20.2,3,1.57,0.54,1.1270833333333332
23,13,4,10,-4.5,4,1.42,0.42,1.16375
0,14,5,10,35.7,3,1.85,1.95,1.2233333333333334
2,14,5,10,40.0,2,0.84,1.24,1.1770833333333333
2,14,5,10,10.2,5,1.87,1.77,1.2033333333333334
2,14,5,10,35.5,5,0.49,1.94,1.1500000000000001
2,14,5,10,10.2,5,1.82,1.75,1.145
2,14,5,10,0.0,2,1.25,1.92,1.1241666666666668
3,14,5,10,22.2,1,0.61,1.92,1.0695833333333333
5,14,5,10,11.9,1,1.03,1.1,1.0325
7,14,5,10,18.8,5,1.5,0.84,1.0491666666666666
7,14,5,10,4.5,2,1.41,0.53,1.0729166666666667
7,14,5,10,28.9,5,1.24,0.27,1.1025
7,14,5,10,22.4,2,1.64,1.41,1.1595833333333334
7,14,5,10,4.1,4,0.89,1.26,1.1379166666666667
9,14,5,10,-0.3,3,1.26,0.86,1.1379166666666667
9,14,5,10,23.4,4,1.32,0.25,1.1570833333333332
10,14,5,10,25.2,1,1.51,1.81,1.2095833333333335
12,14,5,10,-5.4,3,0.44,0.5,1.1525
13,14,5,10,34.3,3,1.01,1.17,1.17375
13,14,5,10,22.7,1,0.84,0.64,1.16
17,14,5,10,22.4,1,1.95,1.11,1.2145833333333333
0,15,6,10,14.9,5,0.29,0.28,1.1804166666666667
0,15,6,10,-7.5,4,1.2,1.57,1.21875
1,15,6,10,-7.0,5,1.61,1.42,1.2204166666666667
2,15,6,10,2.8,3,0.88,1.85,1.1979166666666667
4,15,6,10,21.7,4,1.12,0.84,1.1675
4,15,6,10,-8.4,3,0.45,1.87,1.1512499999999999
4,15,6,10,-2.7,3,0.83,0.49,1.1079166666666667
6,15,6,10,14.4,5,0.48,1.82,1.1075
6,15,6,10,8.6,3,0.7,1.25,1.0608333333333333
8,15,6,10,18.0,4,1.68,0.61,1.0787499999999999
8,15,6,10,38.6,2,1.54,1.03,1.1175
10,15,6,10,19.5,4,1.48,1.5,1.13625
11,15,6,10,-6.3,1,1.86,1.41,1.15125
11,15,6,10,-5.7,3,1.59,1.24,1.1587500000000002
12,15,6,10,35.6,5,1.73,1.64,1.1791666666666667
12,15,6,10,23.1,3,1.15,0.89,1.15875
13,15,6,10,37.0,1,0.52,1.26,1.1433333333333333
13,15,6,10,-2.6,1,1.68,1.32,1.1608333333333334
14,15,6,10,24.0,3,0.73,1.51,1.13625
15,15,6,10,2.6,2,1.58,0.44,1.1391666666666667
15,15,6,10,31.8,5,1.36,1.01,1.1775
16,15,6,10,27.8,5,1.47,0.84,1.1966666666666665
16,15,6,10,12.1,4,1.02,1.95,1.2041666666666666
16,15,6,10,32.8,1,1.88,0.29,1.20125
17,15,6,10,8.6,1,1.5,1.2,1.2516666666666667
17,15,6,10,15.5,4,0.39,1.61,1.2179166666666668
19,15,6,10,25.1,4,1.53,0.88,1.2145833333333333
19,15,6,10,23.5,1,1.55,1.12,1.2425
21,15,6,10,1.3,3,1.55,0.45,1.2604166666666667
21,15,6,10,7.2,2,1.5,0.83,1.3041666666666667
22,15,6,10,38.3,1,1.11,0.48,1.3158333333333334
22,15,6,10,14.4,1,1.22,0.7,1.3466666666666667
23,15,6,10,29.2,3,0.29,1.68,1.3295833333333333
1,16,0,10,29.5,5,1.36,1.54,1.3162500000000001
1,16,0,10,19.2,5,0.96,1.48,1.2920833333333333
2,16,0,10,34.9,4,0.58,1.86,1.2545833333333334
5,16,0,10,21.8,2,1.24,1.59,1.22875
5,16,0,10,19.4,1,1.87,1.73,1.2404166666666667
10,16,0,10,32.9,3,0.85,1.15,1.20375
11,16,0,10,-1.2,3,0.81,0.52,1.1895833333333334
11,16,0,10,12.8,2,0.73,1.68,1.1983333333333335
12,16,0,10,18.7,1,1.59,0.73,1.1945833333333333
12,16,0,10,6.5,4,1.03,1.58,1.2070833333333335
13,16,0,10,-8.9,4,0.38,1.36,1.1570833333333332
14,16,0,10,19.3,2,1.2,1.47,1.1504166666666666
15,16,0,10,14.7,5,0.41,1.02,1.10625
15,16,0,10,20.1,3,1.2,1.88,1.11375
16,16,0,10,2.9,5,0.44,1.5,1.0537500000000002
16,16,0,10,5.5,3,1.87,0.39,1.0691666666666666
18,16,0,10,17.7,3,1.08,1.53,1.0979166666666667
21,16,0,10,7.7,2,1.78,1.55,1.1083333333333334
22,16,0,10,9.9,3,1.32,1.55,1.0987500000000001
22,16,0,10,28.6,1,0.28,1.5,1.0458333333333332
23,16,0,10,38.4,3,1.24,1.11,1.035
23,16,0,10,-8.0,3,0.9,1.22,1.0262499999999999
23,16,0,10,4.5,3,1.16,0.29,1.02375
0,17,1,10,6.1,1,0.48,1.36,1.0316666666666667
1,17,1,10,20.2,1,0.55,0.96,0.9979166666666667
3,17,1,10,31.5,4,1.98,0.58,1.0404166666666668
3,17,1,10,-8.1,4,0.9,1.24,1.05375
3,17,1,10,17.6,1,0.37,1.87,1.0175
5,17,1,10,29.4,5,1.39,0.85,0.9975
6,17,1,10,-1.1,4,0.48,0.81,0.9820833333333333
8,17,1,10,37.4,2,0.8,0.73,0.9816666666666666
9,17,1,10,-2.8,5,1.35,1.59,1.0075
10,17,1,10,-0.9,3,0.32,1.03,0.9545833333333333
10,17,1,10,-6.4,5,0.96,0.38,0.9516666666666667
12,17,1,10,34.0,1,0.61,1.2,0.96125
12,17,1,10,4.1,1,1.59,0.41,0.9775
12,17,1,10,-6.4,4,0.34,1.2,0.9745833333333334
13,17,1,10,34.8,1,1.43,0.44,0.9841666666666667
13,17,1,10,-3.2,2,1.16,1.87,1.0141666666666667
13,17,1,10,16.3,2,0.76,1.08,0.9679166666666665
14,17,1,10,-2.8,4,1.28,1.78,0.97625
14,17,1,10,14.3,5,1.15,1.32,0.9500000000000001
15,17,1,10,-6.8,3,0.3,0.28,0.9074999999999999
16,17,1,10,9.7,5,0.23,1.24,0.9054166666666666
16,17,1,10,23.0,3,0.78,0.9,0.88625
17,17,1,10,6.6,1,0.58,1.16,0.8729166666666667
18,17,1,10,27.1,3,0.43,0.48,0.8424999999999999
18,17,1,10,-6.5,1,1.32,0.55,0.8775
18,17,1,10,4.6,2,1.92,1.98,0.9345833333333333
18,17,1,10,3.2,3,0.55,0.9,0.875
19,17,1,10,5.8,4,0.97,0.37,0.8779166666666667
19,17,1,10,25.3,5,1.86,1.39,0.94
21,17,1,10,1.5,2,0.79,0.48,0.915
23,17,1,10,3.4,3,0.56,0.8,0.9183333333333334
23,17,1,10,30.1,5,1.21,1.35,0.9354166666666668
0,18,2,10,4.0,2,1.11,0.32,0.9254166666666667
3,18,2,10,30.5,5,1.16,0.96,0.9604166666666667
4,18,2,10,37.5,3,1.34,0.61,0.97625
4,18,2,10,12.2,5,0.38,1.59,0.9666666666666667
5,18,2,10,5.6,2,1.73,0.34,0.9725
5,18,2,10,14.5,3,1.84,1.43,1.035
5,18,2,10,27.5,5,0.41,1.16,0.9925
6,18,2,10,31.8,2,1.01,0.76,0.9862500000000001
7,18,2,10,6.3,5,0.67,1.28,0.9825
12,18,2,10,27.4,3,1.71,1.15,1.0004166666666667
12,18,2,10,33.6,4,1.1,0.3,0.9983333333333334
13,18,2,10,32.5,1,0.74,0.23,1.0166666666666668
14,18,2,10,34.7,3,1.46,0.78,1.0679166666666668
14,18,2,10,-8.8,3,1.55,0.58,1.0999999999999999
15,18,2,10,9.6,3,1.1,0.43,1.1216666666666668
15,18,2,10,-9.9,1,0.83,1.32,1.1383333333333334
16,18,2,10,39.6,4,1.27,1.92,1.1362500000000002
17,18,2,10,15.8,1,1.31,0.55,1.1108333333333333
19,18,2,10,5.5,1,0.59,0.97,1.1125
19,18,2,10,38.1,4,0.3,1.86,1.0845833333333335
20,18,2,10,13.5,3,1.92,0.79,1.0870833333333334
20,18,2,10,38.9,1,1.1,0.56,1.0999999999999999
21,18,2,10,11.2,2,0.38,1.21,1.0925
21,18,2,10,18.7,3,0.69,1.11,1.0708333333333333
22,18,2,10,-7.0,4,1.68,1.16,1.0945833333333332
22,18,2,10,39.9,1,0.82,1.34,1.0804166666666666
23,18,2,10,28.6,5,0.85,0.38,1.0599999999999998
0,19,3,10,31.8,4,1.79,1.73,1.1187500000000001
